Code;Libellé;Aires d'attraction des villes 2020;insee_com;lib_com;Echelle_influence;Dans_influence
01033;Valserhône;T45_20;01033;Valserhône;4.0;Oui
01034;Belley;T01_10;01034;Belley;2.0;Oui
01072;Ceyzériat;T02_20;01072;Ceyzériat;3.0;Oui
01074;Chalamont;T45_20;01074;Chalamont;4.0;Oui
01143;Divonne-les-Bains;T45_20;01143;Divonne-les-Bains;4.0;Oui
01173;Gex;T45_20;01173;Gex;4.0;Oui
01185;Plateau d'Hauteville;T01_10;01185;Plateau d'Hauteville;2.0;Oui
01202;Lagnieu;T01_10;01202;Lagnieu;2.0;Oui
01244;Meximieux;T45_20;01244;Meximieux;4.0;Oui
01265;Montréal-la-Cluse;T02_20;01265;Montréal-la-Cluse;3.0;Oui
01266;Montrevel-en-Bresse;T02_20;01266;Montrevel-en-Bresse;3.0;Oui
01269;Nantua;T00_30;01269;Nantua;1.0;Non
01303;Poncin;T00_30;01303;Poncin;1.0;Non
01304;Pont-d'Ain;T00_30;01304;Pont-d'Ain;1.0;Non
01305;Pont-de-Vaux;T02_20;01305;Pont-de-Vaux;3.0;Oui
01306;Pont-de-Veyle;T02_20;01306;Pont-de-Veyle;3.0;Oui
01333;Saint-André-de-Corcy;T45_20;01333;Saint-André-de-Corcy;4.0;Oui
01350;Saint-Étienne-du-Bois;T02_20;01350;Saint-Étienne-du-Bois;3.0;Oui
01388;Saint-Trivier-de-Courtes;T00_30;01388;Saint-Trivier-de-Courtes;1.0;Non
01420;Thoissey;T01_10;01420;Thoissey;2.0;Oui
01443;Villars-les-Dombes;T45_20;01443;Villars-les-Dombes;4.0;Oui
01457;Vonnas;T02_20;01457;Vonnas;3.0;Oui
02018;Anizy-le-Grand;T02_20;02018;Anizy-le-Grand;3.0;Oui
02095;Bohain-en-Vermandois;T01_10;02095;Bohain-en-Vermandois;2.0;Oui
02110;Braine;T00_30;02110;Braine;1.0;Non
02141;La Capelle;T00_30;02141;La Capelle;1.0;Non
02173;Chauny;T01_10;02173;Chauny;2.0;Oui
02304;La Fère;T01_10;02304;La Fère;2.0;Oui
02305;Fère-en-Tardenois;T00_30;02305;Fère-en-Tardenois;1.0;Non
02307;La Ferté-Milon;T45_20;02307;La Ferté-Milon;4.0;Oui
02334;Fresnoy-le-Grand;T02_20;02334;Fresnoy-le-Grand;3.0;Oui
02360;Villeneuve-sur-Aisne;T03_20;02360;Villeneuve-sur-Aisne;;Non
02361;Guise;T01_10;02361;Guise;2.0;Oui
02381;Hirson;T01_10;02381;Hirson;2.0;Oui
02430;Liesse-Notre-Dame;T02_20;02430;Liesse-Notre-Dame;3.0;Oui
02468;Marle;T00_30;02468;Marle;1.0;Non
02502;Montcornet;T00_30;02502;Montcornet;1.0;Non
02543;Neuilly-Saint-Front;T00_30;02543;Neuilly-Saint-Front;1.0;Non
02558;Le Nouvion-en-Thiérache;T01_10;02558;Le Nouvion-en-Thiérache;2.0;Oui
02602;Pinon;T00_30;02602;Pinon;1.0;Non
02666;Rozoy-sur-Serre;T00_30;02666;Rozoy-sur-Serre;1.0;Non
02676;Saint-Erme-Outre-et-Ramecourt;T02_20;02676;Saint-Erme-Outre-et-Ramecourt;3.0;Oui
02720;Sissonne;T00_30;02720;Sissonne;1.0;Non
02738;Tergnier;T01_10;02738;Tergnier;2.0;Oui
02758;Vailly-sur-Aisne;T02_20;02758;Vailly-sur-Aisne;3.0;Oui
02789;Vervins;T01_10;02789;Vervins;2.0;Oui
02810;Villers-Cotterêts;T45_20;02810;Villers-Cotterêts;4.0;Oui
03036;Bourbon-l'Archambault;T02_20;03036;Bourbon-l'Archambault;3.0;Oui
03043;Broût-Vernet;T00_30;03043;Broût-Vernet;1.0;Non
03082;Commentry;T02_20;03082;Commentry;3.0;Oui
03084;Cosne-d'Allier;T00_30;03084;Cosne-d'Allier;1.0;Non
03102;Dompierre-sur-Besbre;T01_10;03102;Dompierre-sur-Besbre;2.0;Oui
03118;Gannat;T01_10;03118;Gannat;2.0;Oui
03128;Huriel;T02_20;03128;Huriel;3.0;Oui
03138;Lapalisse;T01_10;03138;Lapalisse;2.0;Oui
03161;Marcillat-en-Combraille;T00_30;03161;Marcillat-en-Combraille;1.0;Non
03186;Montmarault;T00_30;03186;Montmarault;1.0;Non
03195;Néris-les-Bains;T02_20;03195;Néris-les-Bains;3.0;Oui
03236;Saint-Germain-des-Fossés;T02_20;03236;Saint-Germain-des-Fossés;3.0;Oui
03254;Saint-Pourçain-sur-Sioule;T01_10;03254;Saint-Pourçain-sur-Sioule;2.0;Oui
03292;Tronget;T00_30;03292;Tronget;1.0;Non
03298;Varennes-sur-Allier;T01_10;03298;Varennes-sur-Allier;2.0;Oui
04008;Annot;T00_30;04008;Annot;1.0;Non
04018;Banon;T00_30;04018;Banon;1.0;Non
04019;Barcelonnette;T01_10;04019;Barcelonnette;2.0;Oui
04039;Castellane;T00_30;04039;Castellane;1.0;Non
04049;Château-Arnoux-Saint-Auban;T01_10;04049;Château-Arnoux-Saint-Auban;2.0;Oui
04088;Forcalquier;T01_10;04088;Forcalquier;2.0;Oui
04143;Oraison;T02_20;04143;Oraison;3.0;Oui
04166;Riez;T00_30;04166;Riez;1.0;Non
04173;Saint-André-les-Alpes;T00_30;04173;Saint-André-les-Alpes;1.0;Non
04205;Seyne;T00_30;04205;Seyne;1.0;Non
04209;Sisteron;T01_10;04209;Sisteron;2.0;Oui
05006;L'Argentière-la-Bessée;T01_20;05006;L'Argentière-la-Bessée;;Non
05017;La Bâtie-Neuve;T02_20;05017;La Bâtie-Neuve;3.0;Oui
05040;Chorges;T02_20;05040;Chorges;3.0;Oui
05046;Embrun;T01_10;05046;Embrun;2.0;Oui
05050;Espinasses;T02_20;05050;Espinasses;3.0;Oui
05065;Guillestre;T00_30;05065;Guillestre;1.0;Non
05070;Laragne-Montéglin;T01_10;05070;Laragne-Montéglin;2.0;Oui
05132;Saint-Bonnet-en-Champsaur;T02_20;05132;Saint-Bonnet-en-Champsaur;3.0;Oui
05166;Serres;T00_30;05166;Serres;1.0;Non
05170;Tallard;T02_20;05170;Tallard;3.0;Oui
05179;Veynes;T02_20;05179;Veynes;3.0;Oui
06023;Breil-sur-Roya;T00_30;06023;Breil-sur-Roya;1.0;Non
06099;Puget-Théniers;T03_20;06099;Puget-Théniers;;Non
06103;Roquebillière;T03_20;06103;Roquebillière;;Non
06130;Saint-Vallier-de-Thiey;T00_30;06130;Saint-Vallier-de-Thiey;1.0;Non
06136;Sospel;T02_20;06136;Sospel;3.0;Oui
06163;Tende;T00_30;06163;Tende;1.0;Non
07042;Bourg-Saint-Andéol;T01_20;07042;Bourg-Saint-Andéol;;Non
07064;Le Cheylard;T01_10;07064;Le Cheylard;2.0;Oui
07132;Largentière;T02_20;07132;Largentière;3.0;Oui
07181;Le Pouzin;T01_10;07181;Le Pouzin;2.0;Oui
07201;Ruoms;T00_30;07201;Ruoms;1.0;Non
07204;Saint-Agrève;T00_30;07204;Saint-Agrève;1.0;Non
07319;Le Teil;T02_20;07319;Le Teil;3.0;Oui
07324;Tournon-sur-Rhône;T01_10;07324;Tournon-sur-Rhône;2.0;Oui
07330;Vallon-Pont-d'Arc;T00_30;07330;Vallon-Pont-d'Arc;1.0;Non
07334;Les Vans;T00_30;07334;Les Vans;1.0;Non
07341;Villeneuve-de-Berg;T02_20;07341;Villeneuve-de-Berg;3.0;Oui
07346;Viviers;T02_20;07346;Viviers;3.0;Oui
07349;La Voulte-sur-Rhône;T01_10;07349;La Voulte-sur-Rhône;2.0;Oui
08025;Attigny;T00_30;08025;Attigny;1.0;Non
08081;Bogny-sur-Meuse;T02_20;08081;Bogny-sur-Meuse;3.0;Oui
08090;Carignan;T01_10;08090;Carignan;2.0;Oui
08185;Fumay;T01_10;08185;Fumay;2.0;Oui
08190;Givet;T01_10;08190;Givet;2.0;Oui
08302;Monthermé;T02_20;08302;Monthermé;3.0;Oui
08311;Mouzon;T00_30;08311;Mouzon;1.0;Non
08328;Nouzonville;T02_20;08328;Nouzonville;3.0;Oui
08362;Rethel;T03_20;08362;Rethel;;Non
08363;Revin;T01_10;08363;Revin;2.0;Oui
08367;Rocroi;T00_30;08367;Rocroi;1.0;Non
08419;Signy-l'Abbaye;T02_20;08419;Signy-l'Abbaye;3.0;Oui
08420;Signy-le-Petit;T00_30;08420;Signy-le-Petit;1.0;Non
08486;Vireux-Molhain;T01_20;08486;Vireux-Molhain;;Non
08490;Vouziers;T01_10;08490;Vouziers;2.0;Oui
08491;Vrigne aux Bois;T02_20;08491;Vrigne aux Bois;3.0;Oui
09032;Ax-les-Thermes;T00_30;09032;Ax-les-Thermes;1.0;Non
09160;Lavelanet;T01_10;09160;Lavelanet;2.0;Oui
09167;Lézat-sur-Lèze;T45_20;09167;Lézat-sur-Lèze;4.0;Oui
09185;Mazères;T01_10;09185;Mazères;2.0;Oui
09194;Mirepoix;T00_30;09194;Mirepoix;1.0;Non
09261;Saint-Girons;T01_10;09261;Saint-Girons;2.0;Oui
09282;Saverdun;T45_20;09282;Saverdun;4.0;Oui
09306;Tarascon-sur-Ariège;T01_10;09306;Tarascon-sur-Ariège;2.0;Oui
10003;Aix-Villemaur-Pâlis;T03_20;10003;Aix-Villemaur-Pâlis;;Non
10006;Arcis-sur-Aube;T03_20;10006;Arcis-sur-Aube;;Non
10033;Bar-sur-Aube;T01_10;10033;Bar-sur-Aube;2.0;Oui
10034;Bar-sur-Seine;T01_10;10034;Bar-sur-Seine;2.0;Oui
10064;Brienne-le-Château;T01_10;10064;Brienne-le-Château;2.0;Oui
10080;Chaource;T03_20;10080;Chaource;;Non
10140;Ervy-le-Châtel;T00_30;10140;Ervy-le-Châtel;1.0;Non
10268;Nogent-sur-Seine;T01_10;10268;Nogent-sur-Seine;2.0;Oui
10323;Romilly-sur-Seine;T01_10;10323;Romilly-sur-Seine;2.0;Oui
10401;Vendeuvre-sur-Barse;T00_30;10401;Vendeuvre-sur-Barse;1.0;Non
10420;Villenauxe-la-Grande;T00_30;10420;Villenauxe-la-Grande;1.0;Non
11049;Bram;T02_20;11049;Bram;3.0;Oui
11076;Castelnaudary;T01_10;11076;Castelnaudary;2.0;Oui
11091;Chalabre;T00_30;11091;Chalabre;1.0;Non
11103;Couiza;T00_30;11103;Couiza;1.0;Non
11106;Coursan;T02_20;11106;Coursan;3.0;Oui
11116;Cuxac-d'Aude;T02_20;11116;Cuxac-d'Aude;3.0;Oui
11129;Espéraza;T00_30;11129;Espéraza;1.0;Non
11170;Gruissan;T02_20;11170;Gruissan;3.0;Oui
11203;Lézignan-Corbières;N/A - résultat non disponible;11203;Lézignan-Corbières;;Non
11206;Limoux;T01_10;11206;Limoux;2.0;Oui
11266;Port-la-Nouvelle;T01_10;11266;Port-la-Nouvelle;2.0;Oui
11304;Quillan;T00_30;11304;Quillan;1.0;Non
11315;Rieux-Minervois;T00_30;11315;Rieux-Minervois;1.0;Non
11379;Sigean;T02_20;11379;Sigean;3.0;Oui
11397;Trèbes;T02_20;11397;Trèbes;3.0;Oui
12052;Capdenac-Gare;T01_20;12052;Capdenac-Gare;;Non
12056;Baraqueville;T02_20;12056;Baraqueville;3.0;Oui
12089;Decazeville;T01_10;12089;Decazeville;2.0;Oui
12094;Entraygues-sur-Truyère;T00_30;12094;Entraygues-sur-Truyère;1.0;Non
12096;Espalion;T01_10;12096;Espalion;2.0;Oui
12119;Laguiole;T00_30;12119;Laguiole;1.0;Non
12120;Laissac-Sévérac l'Église;T02_20;12120;Laissac-Sévérac l'Église;3.0;Oui
12138;Marcillac-Vallon;T02_20;12138;Marcillac-Vallon;3.0;Oui
12164;Mur-de-Barrez;T00_30;12164;Mur-de-Barrez;1.0;Non
12169;Naucelle;T02_20;12169;Naucelle;3.0;Oui
12185;Pont-de-Salars;T02_20;12185;Pont-de-Salars;3.0;Oui
12197;Réquista;T00_30;12197;Réquista;1.0;Non
12198;Rieupeyroux;T00_30;12198;Rieupeyroux;1.0;Non
12199;Rignac;T02_20;12199;Rignac;3.0;Oui
12208;Saint-Affrique;T01_10;12208;Saint-Affrique;2.0;Oui
12209;Saint-Amans-des-Cots;T00_30;12209;Saint-Amans-des-Cots;1.0;Non
12224;Saint Geniez d'Olt et d'Aubrac;T00_30;12224;Saint Geniez d'Olt et d'Aubrac;1.0;Non
12270;Sévérac d'Aveyron;T00_30;12270;Sévérac d'Aveyron;1.0;Non
12298;Villecomtal;T02_20;12298;Villecomtal;3.0;Oui
13014;Berre-l'Étang;T45_20;13014;Berre-l'Étang;4.0;Oui
13027;Châteaurenard;T03_20;13027;Châteaurenard;;Non
13050;Lambesc;T45_20;13050;Lambesc;4.0;Oui
13078;Port-Saint-Louis-du-Rhône;T01_10;13078;Port-Saint-Louis-du-Rhône;2.0;Oui
13084;La Roque-d'Anthéron;T45_20;13084;La Roque-d'Anthéron;4.0;Oui
13097;Saint-Martin-de-Crau;T01_10;13097;Saint-Martin-de-Crau;2.0;Oui
13100;Saint-Rémy-de-Provence;T01_10;13100;Saint-Rémy-de-Provence;2.0;Oui
13105;Sénas;T02_20;13105;Sénas;3.0;Oui
13110;Trets;T45_20;13110;Trets;4.0;Oui
14027;Les Monts d'Aunay;T03_20;14027;Les Monts d'Aunay;;Non
14035;Balleroy-sur-Drôme;T03_20;14035;Balleroy-sur-Drôme;;Non
14047;Bayeux;T01_10;14047;Bayeux;2.0;Oui
14061;Souleuvre en Bocage;T01_20;14061;Souleuvre en Bocage;;Non
14098;Thue et Mue;T03_20;14098;Thue et Mue;;Non
14100;Bretteville-sur-Laize;T03_20;14100;Bretteville-sur-Laize;;Non
14126;Cambremer;T02_20;14126;Cambremer;3.0;Oui
14143;Caumont-sur-Aure;T03_20;14143;Caumont-sur-Aure;;Non
14174;Condé-en-Normandie;T01_10;14174;Condé-en-Normandie;2.0;Oui
14191;Courseulles-sur-Mer;T03_20;14191;Courseulles-sur-Mer;;Non
14200;Creully sur Seulles;T03_20;14200;Creully sur Seulles;;Non
14225;Dives-sur-Mer;T01_10;14225;Dives-sur-Mer;2.0;Oui
14228;Douvres-la-Délivrande;T03_20;14228;Douvres-la-Délivrande;;Non
14229;Dozulé;T03_20;14229;Dozulé;;Non
14257;Évrecy;T03_20;14257;Évrecy;;Non
14258;Falaise;T03_20;14258;Falaise;;Non
14312;Grandcamp-Maisy;T00_30;14312;Grandcamp-Maisy;1.0;Non
14333;Honfleur;T01_10;14333;Honfleur;2.0;Oui
14342;Isigny-sur-Mer;T01_10;14342;Isigny-sur-Mer;2.0;Oui
14370;Le Molay-Littry;T01_20;14370;Le Molay-Littry;;Non
14371;Livarot-Pays-d'Auge;T02_20;14371;Livarot-Pays-d'Auge;3.0;Oui
14384;Luc-sur-Mer;T03_20;14384;Luc-sur-Mer;;Non
14431;Mézidon Vallée d'Auge;T03_20;14431;Mézidon Vallée d'Auge;;Non
14478;Orbec;T00_30;14478;Orbec;1.0;Non
14488;Ouistreham;T03_20;14488;Ouistreham;;Non
14514;Pont-l'Évêque;T01_20;14514;Pont-l'Évêque;;Non
14515;Port-en-Bessin-Huppain;T01_20;14515;Port-en-Bessin-Huppain;;Non
14516;Potigny;T03_20;14516;Potigny;;Non
14654;Saint-Pierre-en-Auge;T00_30;14654;Saint-Pierre-en-Auge;1.0;Non
14658;Noues de Sienne;T01_20;14658;Noues de Sienne;;Non
14689;Thury-Harcourt-le-Hom;T03_20;14689;Thury-Harcourt-le-Hom;;Non
14692;Tilly-sur-Seulles;T03_20;14692;Tilly-sur-Seulles;;Non
14711;Trévières;T00_30;14711;Trévières;1.0;Non
14726;Valdallière;T01_20;14726;Valdallière;;Non
14752;Villers-Bocage;T03_20;14752;Villers-Bocage;;Non
14754;Villers-sur-Mer;T01_20;14754;Villers-sur-Mer;;Non
14764;Pont-d'Ouilly;T00_30;14764;Pont-d'Ouilly;1.0;Non
15001;Allanche;T00_30;15001;Allanche;1.0;Non
15045;Chaudes-Aigues;T00_30;15045;Chaudes-Aigues;1.0;Non
15054;Condat;T00_30;15054;Condat;1.0;Non
15083;Jussac;T02_20;15083;Jussac;3.0;Oui
15094;Laroquebrou;T02_20;15094;Laroquebrou;3.0;Oui
15119;Massiac;T00_30;15119;Massiac;1.0;Non
15120;Mauriac;T01_10;15120;Mauriac;2.0;Oui
15122;Maurs;T00_30;15122;Maurs;1.0;Non
15134;Montsalvy;T02_20;15134;Montsalvy;3.0;Oui
15138;Murat;T00_30;15138;Murat;1.0;Non
15140;Naucelles;T02_20;15140;Naucelles;3.0;Oui
15141;Neussargues en Pinatelle;T00_30;15141;Neussargues en Pinatelle;1.0;Non
15152;Pierrefort;T00_30;15152;Pierrefort;1.0;Non
15153;Pleaux;T00_30;15153;Pleaux;1.0;Non
15162;Riom-ès-Montagnes;T00_30;15162;Riom-ès-Montagnes;1.0;Non
15175;Saint-Cernin;T02_20;15175;Saint-Cernin;3.0;Oui
15187;Saint-Flour;T01_10;15187;Saint-Flour;2.0;Oui
15202;Saint-Martin-Valmeroux;T00_30;15202;Saint-Martin-Valmeroux;1.0;Non
15204;Saint-Paul-des-Landes;T02_20;15204;Saint-Paul-des-Landes;3.0;Oui
15215;Saint-Simon;T02_20;15215;Saint-Simon;3.0;Oui
15221;Sansac-de-Marmiesse;T02_20;15221;Sansac-de-Marmiesse;3.0;Oui
15255;Vézac;T02_20;15255;Vézac;3.0;Oui
15258;Vic-sur-Cère;T02_20;15258;Vic-sur-Cère;3.0;Oui
15265;Ydes;T01_20;15265;Ydes;;Non
15267;Ytrac;T02_20;15267;Ytrac;3.0;Oui
15268;Le Rouget-Pers;T02_20;15268;Le Rouget-Pers;3.0;Oui
16005;Aigre;T00_30;16005;Aigre;1.0;Non
16028;Barbezieux-Saint-Hilaire;T01_10;16028;Barbezieux-Saint-Hilaire;2.0;Oui
16073;Chalais;T00_30;16073;Chalais;1.0;Non
16090;Châteauneuf-sur-Charente;T00_30;16090;Châteauneuf-sur-Charente;1.0;Non
16106;Confolens;T01_10;16106;Confolens;2.0;Oui
16167;Jarnac;T02_20;16167;Jarnac;3.0;Oui
16192;Terres-de-Haute-Charente;T00_30;16192;Terres-de-Haute-Charente;1.0;Non
16206;Mansle-les-Fontaines;T00_30;16206;Mansle-les-Fontaines;1.0;Non
16223;Montbron;T00_30;16223;Montbron;1.0;Non
16230;Montmoreau;T00_30;16230;Montmoreau;1.0;Non
16281;La Rochefoucauld-en-Angoumois;T02_20;16281;La Rochefoucauld-en-Angoumois;3.0;Oui
16286;Rouillac;T00_30;16286;Rouillac;1.0;Non
16292;Ruffec;T01_10;16292;Ruffec;2.0;Oui
16366;Segonzac;T00_30;16366;Segonzac;1.0;Non
16408;Villebois-Lavalette;T02_20;16408;Villebois-Lavalette;3.0;Oui
17024;Aulnay;T00_30;17024;Aulnay;1.0;Non
17127;Courçon;T03_20;17127;Courçon;;Non
17172;Gémozac;T00_30;17172;Gémozac;1.0;Non
17197;Jonzac;T01_10;17197;Jonzac;2.0;Oui
17218;Marans;T03_20;17218;Marans;;Non
17219;Marennes-Hiers-Brouage;T01_10;17219;Marennes-Hiers-Brouage;2.0;Oui
17224;Matha;T00_30;17224;Matha;1.0;Non
17236;Mirambeau;T00_30;17236;Mirambeau;1.0;Non
17240;Montendre;T00_30;17240;Montendre;1.0;Non
17241;Montguyon;T00_30;17241;Montguyon;1.0;Non
17283;Pons;T01_10;17283;Pons;2.0;Oui
17284;Pont-l'Abbé-d'Arnoult;T02_20;17284;Pont-l'Abbé-d'Arnoult;3.0;Oui
17309;Saint-Aigulin;T00_30;17309;Saint-Aigulin;1.0;Non
17331;Saint-Genis-de-Saintonge;T00_30;17331;Saint-Genis-de-Saintonge;1.0;Non
17347;Saint-Jean-d'Angély;T01_10;17347;Saint-Jean-d'Angély;2.0;Oui
17385;Saint-Pierre-d'Oléron;T00_30;17385;Saint-Pierre-d'Oléron;1.0;Non
17387;Saint-Porchaire;T02_20;17387;Saint-Porchaire;3.0;Oui
17397;Saint-Savinien;T00_30;17397;Saint-Savinien;1.0;Non
17421;Saujon;T02_20;17421;Saujon;3.0;Oui
17434;Surgères;T01_10;17434;Surgères;2.0;Oui
18003;Les Aix-d'Angillon;T02_20;18003;Les Aix-d'Angillon;3.0;Oui
18015;Aubigny-sur-Nère;T01_10;18015;Aubigny-sur-Nère;2.0;Oui
18018;Avord;T02_20;18018;Avord;3.0;Oui
18023;Baugy;T02_20;18023;Baugy;3.0;Oui
18057;Châteaumeillant;T00_30;18057;Châteaumeillant;1.0;Non
18058;Châteauneuf-sur-Cher;T02_20;18058;Châteauneuf-sur-Cher;3.0;Oui
18087;Dun-sur-Auron;T02_20;18087;Dun-sur-Auron;3.0;Oui
18108;La Guerche-sur-l'Aubois;T02_20;18108;La Guerche-sur-l'Aubois;3.0;Oui
18109;Henrichemont;T02_20;18109;Henrichemont;3.0;Oui
18127;Lignières;T00_30;18127;Lignières;1.0;Non
18141;Mehun-sur-Yèvre;T02_20;18141;Mehun-sur-Yèvre;3.0;Oui
18197;Saint-Amand-Montrond;T01_10;18197;Saint-Amand-Montrond;2.0;Oui
18207;Saint-Florent-sur-Cher;T02_20;18207;Saint-Florent-sur-Cher;3.0;Oui
18223;Saint-Martin-d'Auxigny;T02_20;18223;Saint-Martin-d'Auxigny;3.0;Oui
18233;Saint-Satur;T01_10;18233;Saint-Satur;2.0;Oui
18241;Sancerre;T01_10;18241;Sancerre;2.0;Oui
18242;Sancoins;T00_30;18242;Sancoins;1.0;Non
19010;Argentat-sur-Dordogne;T01_10;19010;Argentat-sur-Dordogne;2.0;Oui
19011;Arnac-Pompadour;T00_30;19011;Arnac-Pompadour;1.0;Non
19019;Beaulieu-sur-Dordogne;T01_20;19019;Beaulieu-sur-Dordogne;;Non
19023;Beynat;T02_20;19023;Beynat;3.0;Oui
19028;Bort-les-Orgues;T01_10;19028;Bort-les-Orgues;2.0;Oui
19036;Chamberet;T00_30;19036;Chamberet;1.0;Non
19073;Égletons;T01_10;19073;Égletons;2.0;Oui
19121;Lubersac;T00_30;19121;Lubersac;1.0;Non
19138;Meyssac;T02_20;19138;Meyssac;3.0;Oui
19148;Neuvic;T00_30;19148;Neuvic;1.0;Non
19269;Treignac;T00_30;19269;Treignac;1.0;Non
19275;Ussel;T01_10;19275;Ussel;2.0;Oui
19276;Uzerche;T01_10;19276;Uzerche;2.0;Oui
21023;Arnay-le-Duc;T00_30;21023;Arnay-le-Duc;1.0;Non
21038;Auxonne;T03_20;21038;Auxonne;;Non
21103;Brazey-en-Plaine;T03_20;21103;Brazey-en-Plaine;;Non
21154;Châtillon-sur-Seine;T01_10;21154;Châtillon-sur-Seine;2.0;Oui
21292;Genlis;T03_20;21292;Genlis;;Non
21317;Is-sur-Tille;T03_20;21317;Is-sur-Tille;;Non
21425;Montbard;T01_10;21425;Montbard;2.0;Oui
21501;Pouilly-en-Auxois;T00_30;21501;Pouilly-en-Auxois;1.0;Non
21554;Saint-Jean-de-Losne;T03_20;21554;Saint-Jean-de-Losne;;Non
21584;Saulieu;T00_30;21584;Saulieu;1.0;Non
21603;Semur-en-Auxois;T01_10;21603;Semur-en-Auxois;2.0;Oui
21607;Seurre;T00_30;21607;Seurre;1.0;Non
21663;Venarey-les-Laumes;T01_10;21663;Venarey-les-Laumes;2.0;Oui
21710;Vitteaux;T00_30;21710;Vitteaux;1.0;Non
22004;Bégard;T02_20;22004;Bégard;3.0;Oui
22020;Broons;T01_10;22020;Broons;2.0;Oui
22025;Callac;T00_30;22025;Callac;1.0;Non
22032;Caulnes;T00_30;22032;Caulnes;1.0;Non
22050;Dinan;T01_10;22050;Dinan;2.0;Oui
22070;Guingamp;T01_10;22070;Guingamp;2.0;Oui
22084;Jugon-les-Lacs;T00_30;22084;Jugon-les-Lacs - Commune nouvelle;1.0;Non
22093;Lamballe-Armor;T03_20;22093;Lamballe-Armor;;Non
22121;Lanvollon;T00_30;22121;Lanvollon;1.0;Non
22136;Loudéac;T01_10;22136;Loudéac;2.0;Oui
22137;Maël-Carhaix;T01_20;22137;Maël-Carhaix;;Non
22143;Matignon;T00_30;22143;Matignon;1.0;Non
22147;Merdrignac;T00_30;22147;Merdrignac;1.0;Non
22158;Guerlédan;T00_30;22158;Guerlédan;1.0;Non
22162;Paimpol;T01_10;22162;Paimpol;2.0;Oui
22172;Plancoët;T01_10;22172;Plancoët;2.0;Oui
22183;Plémet;T01_20;22183;Plémet;;Non
22194;Plestin-les-Grèves;T02_20;22194;Plestin-les-Grèves;3.0;Oui
22203;Plœuc-L'Hermitage;T03_20;22203;Plœuc-L'Hermitage;;Non
22206;Châtelaudren-Plouagat;T03_20;22206;Châtelaudren-Plouagat;;Non
22207;Plouaret;T02_20;22207;Plouaret;3.0;Oui
22222;Plouha;T00_30;22222;Plouha;1.0;Non
22262;Quintin;T03_20;22262;Quintin;;Non
22266;Rostrenen;T01_10;22266;Rostrenen;2.0;Oui
22321;Saint-Nicolas-du-Pélem;T00_30;22321;Saint-Nicolas-du-Pélem;1.0;Non
22362;Tréguier;T01_10;22362;Tréguier;2.0;Oui
23001;Ahun;T01_20;23001;Ahun;;Non
23008;Aubusson;T01_10;23008;Aubusson;2.0;Oui
23013;Auzances;T00_30;23013;Auzances;1.0;Non
23021;Bénévent-l'Abbaye;T01_20;23021;Bénévent-l'Abbaye;;Non
23025;Bonnat;T01_20;23025;Bonnat;;Non
23030;Bourganeuf;T00_30;23030;Bourganeuf;1.0;Non
23031;Boussac;T00_30;23031;Boussac;1.0;Non
23045;Chambon-sur-Voueize;T00_30;23045;Chambon-sur-Voueize;1.0;Non
23061;Chénérailles;T00_30;23061;Chénérailles;1.0;Non
23067;La Courtine;T00_30;23067;La Courtine;1.0;Non
23069;Crocq;T00_30;23069;Crocq;1.0;Non
23070;Crozant;T00_30;23070;Crozant;1.0;Non
23075;Dun-le-Palestel;T01_20;23075;Dun-le-Palestel;;Non
23076;Évaux-les-Bains;T00_30;23076;Évaux-les-Bains;1.0;Non
23079;Felletin;T00_30;23079;Felletin;1.0;Non
23089;Genouillac;T00_30;23089;Genouillac;1.0;Non
23093;Gouzon;T00_30;23093;Gouzon;1.0;Non
23100;Jarnages;T01_20;23100;Jarnages;;Non
23105;Lavaveix-les-Mines;T01_20;23105;Lavaveix-les-Mines;;Non
23131;Mérinchal;T00_30;23131;Mérinchal;1.0;Non
23176;La Souterraine;T01_10;23176;La Souterraine;2.0;Oui
23247;Saint-Vaury;T01_20;23247;Saint-Vaury;;Non
24028;Beaumontois en Périgord;T00_30;24028;Beaumontois en Périgord;1.0;Non
24035;Pays de Belvès;T00_30;24035;Pays de Belvès;1.0;Non
24064;Brantôme en Périgord;T00_30;24064;Brantôme en Périgord;1.0;Non
24068;Le Buisson-de-Cadouin;T00_30;24068;Le Buisson-de-Cadouin;1.0;Non
24164;Excideuil;T00_30;24164;Excideuil;1.0;Non
24167;Eymet;T00_30;24167;Eymet;1.0;Non
24212;Issigeac;T02_20;24212;Issigeac;3.0;Oui
24223;Lalinde;T00_30;24223;Lalinde;1.0;Non
24227;Lanouaille;T00_30;24227;Lanouaille;1.0;Non
24294;Montpon-Ménestérol;T01_10;24294;Montpon-Ménestérol;2.0;Oui
24299;Mussidan;T00_30;24299;Mussidan;1.0;Non
24311;Nontron;T01_10;24311;Nontron;2.0;Oui
24352;Ribérac;T01_10;24352;Ribérac;2.0;Oui
24354;La Roche-Chalais;T00_30;24354;La Roche-Chalais;1.0;Non
24376;Saint Aulaye-Puymangou;T00_30;24376;Saint Aulaye-Puymangou;1.0;Non
24396;Saint-Cyprien;T00_30;24396;Saint-Cyprien;1.0;Non
24520;Sarlat-la-Canéda;T01_10;24520;Sarlat-la-Canéda;2.0;Oui
24547;Terrasson-Lavilledieu;T02_20;24547;Terrasson-Lavilledieu;3.0;Oui
24550;Thenon;T00_30;24550;Thenon;1.0;Non
24551;Thiviers;T01_10;24551;Thiviers;2.0;Oui
25022;Arcey;T02_20;25022;Arcey;3.0;Oui
25047;Baume-les-Dames;T03_20;25047;Baume-les-Dames;;Non
25156;Pays-de-Clerval;T00_30;25156;Pays-de-Clerval;1.0;Non
25237;Fesches-le-Châtel;T02_20;25237;Fesches-le-Châtel;3.0;Oui
25259;Frasne;T01_20;25259;Frasne;;Non
25315;L'Isle-sur-le-Doubs;T02_20;25315;L'Isle-sur-le-Doubs;3.0;Oui
25334;Levier;T01_20;25334;Levier;;Non
25411;Morteau;T01_10;25411;Morteau;2.0;Oui
25434;Ornans;T03_20;25434;Ornans;;Non
25463;Pont-de-Roide-Vermondans;T02_20;25463;Pont-de-Roide-Vermondans;3.0;Oui
25475;Quingey;T03_20;25475;Quingey;;Non
25505;Rougemont;T00_30;25505;Rougemont;1.0;Non
25512;Le Russey;T01_20;25512;Le Russey;;Non
25578;Valdahon;T01_10;25578;Valdahon;2.0;Oui
26063;Buis-les-Baronnies;T00_30;26063;Buis-les-Baronnies;1.0;Non
26074;La Chapelle-en-Vercors;T00_30;26074;La Chapelle-en-Vercors;1.0;Non
26095;Cléon-d'Andran;T02_20;26095;Cléon-d'Andran;3.0;Oui
26108;Crest;T01_10;26108;Crest;2.0;Oui
26113;Die;T01_10;26113;Die;2.0;Oui
26114;Dieulefit;T00_30;26114;Dieulefit;1.0;Non
26165;Livron-sur-Drôme;T03_20;26165;Livron-sur-Drôme;;Non
26166;Loriol-sur-Drôme;T03_20;26166;Loriol-sur-Drôme;;Non
26220;Nyons;T01_10;26220;Nyons;2.0;Oui
26301;Saint-Donat-sur-l'Herbasse;T02_20;26301;Saint-Donat-sur-l'Herbasse;3.0;Oui
26307;Saint-Jean-en-Royans;T00_30;26307;Saint-Jean-en-Royans;1.0;Non
26333;Saint-Vallier;T01_10;26333;Saint-Vallier;2.0;Oui
27016;Les Andelys;T01_10;27016;Les Andelys;2.0;Oui
27022;Le Val d'Hazey;T45_20;27022;Le Val d'Hazey;4.0;Oui
27049;Mesnil-en-Ouche;T01_20;27049;Mesnil-en-Ouche;;Non
27051;Beaumont-le-Roger;T00_30;27051;Beaumont-le-Roger;1.0;Non
27056;Bernay;T01_10;27056;Bernay;2.0;Oui
27065;Beuzeville;T01_10;27065;Beuzeville;2.0;Oui
27103;Bourg-Achard;T03_20;27103;Bourg-Achard;;Non
27105;Grand Bourgtheroulde;T03_20;27105;Grand Bourgtheroulde;;Non
27112;Breteuil;T00_30;27112;Breteuil;1.0;Non
27116;Brionne;T01_10;27116;Brionne;2.0;Oui
27117;Broglie;T01_20;27117;Broglie;;Non
27151;Charleval;T00_30;27151;Charleval;1.0;Non
27165;Conches-en-Ouche;T02_20;27165;Conches-en-Ouche;3.0;Oui
27170;Cormeilles;T00_30;27170;Cormeilles;1.0;Non
27198;Mesnils-sur-Iton;T02_20;27198;Mesnils-sur-Iton;3.0;Oui
27213;Vexin-sur-Epte;T45_20;27213;Vexin-sur-Epte;4.0;Oui
27226;Étrépagny;T45_20;27226;Étrépagny;4.0;Oui
27230;Ézy-sur-Eure;T45_20;27230;Ézy-sur-Eure;4.0;Oui
27246;Fleury-sur-Andelle;T03_20;27246;Fleury-sur-Andelle;;Non
27275;Gaillon;T01_10;27275;Gaillon;2.0;Oui
27279;Gasny;T45_20;27279;Gasny;4.0;Oui
27284;Gisors;T45_20;27284;Gisors;4.0;Oui
27355;Ivry-la-Bataille;T45_20;27355;Ivry-la-Bataille;4.0;Oui
27377;Lyons-la-Forêt;T00_30;27377;Lyons-la-Forêt;1.0;Non
27413;Montfort-sur-Risle;T00_30;27413;Montfort-sur-Risle;1.0;Non
27428;Le Neubourg;T01_10;27428;Le Neubourg;2.0;Oui
27438;Nonancourt;T01_10;27438;Nonancourt;2.0;Oui
27448;Pacy-sur-Eure;T45_20;27448;Pacy-sur-Eure;4.0;Oui
27467;Pont-Audemer;T01_10;27467;Pont-Audemer;2.0;Oui
27469;Pont-de-l'Arche;T03_20;27469;Pont-de-l'Arche;;Non
27470;Pont-Saint-Pierre;T03_20;27470;Pont-Saint-Pierre;;Non
27493;Romilly-sur-Andelle;T03_20;27493;Romilly-sur-Andelle;;Non
27502;Rugles;T01_20;27502;Rugles;;Non
27507;Saint-André-de-l'Eure;T02_20;27507;Saint-André-de-l'Eure;3.0;Oui
27629;Thiberville;T01_20;27629;Thiberville;;Non
27679;Verneuil d'Avre et d'Iton;T01_10;27679;Verneuil d'Avre et d'Iton;2.0;Oui
28018;Authon-du-Perche;T00_30;28018;Authon-du-Perche;1.0;Non
28027;La Bazoche-Gouet;T00_30;28027;La Bazoche-Gouet;1.0;Non
28059;Brezolles;T00_30;28059;Brezolles;1.0;Non
28061;Brou;T01_10;28061;Brou;2.0;Oui
28089;Châteauneuf-en-Thymerais;T02_20;28089;Châteauneuf-en-Thymerais;3.0;Oui
28116;Courville-sur-Eure;T02_20;28116;Courville-sur-Eure;3.0;Oui
28140;Épernon;T45_20;28140;Épernon;4.0;Oui
28149;La Ferté-Vidame;T00_30;28149;La Ferté-Vidame;1.0;Non
28196;Illiers-Combray;T02_20;28196;Illiers-Combray;3.0;Oui
28199;Janville-en-Beauce;T00_30;28199;Janville-en-Beauce;1.0;Non
28214;La Loupe;T01_10;28214;La Loupe;2.0;Oui
28279;Nogent-le-Roi;T45_20;28279;Nogent-le-Roi;4.0;Oui
28348;Saint-Lubin-des-Joncherets;T01_10;28348;Saint-Lubin-des-Joncherets;2.0;Oui
28373;Senonches;T00_30;28373;Senonches;1.0;Non
28387;Thiron-Gardais;T01_20;28387;Thiron-Gardais;;Non
28391;Toury;T00_30;28391;Toury;1.0;Non
28393;Tremblay-les-Villages;T02_20;28393;Tremblay-les-Villages;3.0;Oui
29003;Audierne;T00_30;29003;Audierne;1.0;Non
29020;Briec;T03_20;29020;Briec;;Non
29024;Carhaix-Plouguer;T01_10;29024;Carhaix-Plouguer;2.0;Oui
29026;Châteaulin;T01_10;29026;Châteaulin;2.0;Oui
29027;Châteauneuf-du-Faou;T01_10;29027;Châteauneuf-du-Faou;2.0;Oui
29039;Concarneau;T03_20;29039;Concarneau;;Non
29042;Crozon;T01_10;29042;Crozon;2.0;Oui
29043;Daoulas;T03_20;29043;Daoulas;;Non
29046;Douarnenez;T03_20;29046;Douarnenez;;Non
29053;Le Faou;T03_20;29053;Le Faou;;Non
29055;Le Folgoët;T03_20;29055;Le Folgoët;;Non
29072;Guilvinec;T00_30;29072;Guilvinec;1.0;Non
29081;Huelgoat;T00_30;29081;Huelgoat;1.0;Non
29103;Landerneau;T03_20;29103;Landerneau;;Non
29105;Landivisiau;T01_10;29105;Landivisiau;2.0;Oui
29117;Lannilis;T03_20;29117;Lannilis;;Non
29124;Lesneven;T03_20;29124;Lesneven;;Non
29135;Loctudy;T03_20;29135;Loctudy;;Non
29158;Penmarch;T00_30;29158;Penmarch;1.0;Non
29160;Plabennec;T03_20;29160;Plabennec;;Non
29162;Pleyben;T01_10;29162;Pleyben;2.0;Oui
29163;Pleyber-Christ;T02_20;29163;Pleyber-Christ;3.0;Oui
29178;Ploudalmézeau;T03_20;29178;Ploudalmézeau;;Non
29195;Plouguerneau;T03_20;29195;Plouguerneau;;Non
29197;Plouhinec;T00_30;29197;Plouhinec;1.0;Non
29199;Plouigneau;T02_20;29199;Plouigneau;3.0;Oui
29210;Plouvorn;T01_20;29210;Plouvorn;;Non
29217;Pont-Aven;T00_30;29217;Pont-Aven;1.0;Non
29220;Pont-l'Abbé;T03_20;29220;Pont-l'Abbé;;Non
29233;Quimperlé;T01_10;29233;Quimperlé;2.0;Oui
29241;Rosporden;T03_20;29241;Rosporden;;Non
29259;Saint-Pol-de-Léon;T01_10;29259;Saint-Pol-de-Léon;2.0;Oui
29260;Saint-Renan;T03_20;29260;Saint-Renan;;Non
29274;Scaër;T00_30;29274;Scaër;1.0;Non
29277;Sizun;T00_30;29277;Sizun;1.0;Non
29284;Treffiagat;T03_20;29284;Treffiagat;;Non
29293;Trégunc;T00_30;29293;Trégunc;1.0;Non
29302;Pont-de-Buis-lès-Quimerch;T01_10;29302;Pont-de-Buis-lès-Quimerch;2.0;Oui
2A041;Bonifacio;T00_30;2A041;Bonifacio;1.0;Non
2A228;Pietrosella;T02_20;2A228;Pietrosella;3.0;Oui
2A247;Porto-Vecchio;T01_10;2A247;Porto-Vecchio;2.0;Oui
2A249;Propriano;T01_10;2A249;Propriano;2.0;Oui
2A272;Sartène;T00_30;2A272;Sartène;1.0;Non
2A348;Vico;T02_20;2A348;Vico;3.0;Oui
2B050;Calvi;T01_10;2B050;Calvi;2.0;Oui
2B096;Corte;T01_10;2B096;Corte;2.0;Oui
2B123;Ghisonaccia;T00_30;2B123;Ghisonaccia;1.0;Non
2B134;L'Île-Rousse;T01_10;2B134;L'Île-Rousse;2.0;Oui
2B152;Luri;T02_20;2B152;Luri;3.0;Oui
2B298;Saint-Florent;T00_30;2B298;Saint-Florent;1.0;Non
30003;Aigues-Mortes;T01_10;30003;Aigues-Mortes;2.0;Oui
30010;Anduze;T02_20;30010;Anduze;3.0;Oui
30012;Aramon;T03_20;30012;Aramon;;Non
30029;Barjac;T00_30;30029;Barjac;1.0;Non
30032;Beaucaire;T01_10;30032;Beaucaire;2.0;Oui
30034;Bellegarde;T03_20;30034;Bellegarde;;Non
30062;Calvisson;T03_20;30062;Calvisson;;Non
30132;La Grand-Combe;T02_20;30132;La Grand-Combe;3.0;Oui
30133;Le Grau-du-Roi;T01_10;30133;Le Grau-du-Roi;2.0;Oui
30202;Pont-Saint-Esprit;T01_10;30202;Pont-Saint-Esprit;2.0;Oui
30210;Quissac;T00_30;30210;Quissac;1.0;Non
30212;Remoulins;T03_20;30212;Remoulins;;Non
30221;Roquemaure;T03_20;30221;Roquemaure;;Non
30227;Saint-Ambroix;T02_20;30227;Saint-Ambroix;3.0;Oui
30258;Saint-Gilles;T03_20;30258;Saint-Gilles;;Non
30259;Saint-Hilaire-de-Brethmas;T02_20;30259;Saint-Hilaire-de-Brethmas;3.0;Oui
30263;Saint-Hippolyte-du-Fort;T00_30;30263;Saint-Hippolyte-du-Fort;1.0;Non
30269;Saint-Jean-du-Gard;T00_30;30269;Saint-Jean-du-Gard;1.0;Non
30321;Sommières;T01_10;30321;Sommières;2.0;Oui
30341;Vauvert;T03_20;30341;Vauvert;;Non
30350;Le Vigan;T01_10;30350;Le Vigan;2.0;Oui
31020;Aspet;T01_20;31020;Aspet;;Non
31028;Aurignac;T00_30;31028;Aurignac;1.0;Non
31033;Auterive;T45_20;31033;Auterive;4.0;Oui
31042;Bagnères-de-Luchon;T01_10;31042;Bagnères-de-Luchon;2.0;Oui
31080;Boulogne-sur-Gesse;T00_30;31080;Boulogne-sur-Gesse;1.0;Non
31098;Cadours;T45_20;31098;Cadours;4.0;Oui
31106;Caraman;T45_20;31106;Caraman;4.0;Oui
31107;Carbonne;T45_20;31107;Carbonne;4.0;Oui
31135;Cazères;T45_20;31135;Cazères;4.0;Oui
31202;Fronton;T45_20;31202;Fronton;4.0;Oui
31232;Grenade;T45_20;31232;Grenade;4.0;Oui
31239;L'Isle-en-Dodon;T00_30;31239;L'Isle-en-Dodon;1.0;Non
31324;Martres-Tolosane;T45_20;31324;Martres-Tolosane;4.0;Oui
31396;Nailloux;T45_20;31396;Nailloux;4.0;Oui
31454;Rieumes;T45_20;31454;Rieumes;4.0;Oui
31503;Saint-Martory;T00_30;31503;Saint-Martory;1.0;Non
31523;Salies-du-Salat;T00_30;31523;Salies-du-Salat;1.0;Non
31582;Villefranche-de-Lauragais;T45_20;31582;Villefranche-de-Lauragais;4.0;Oui
31584;Villemur-sur-Tarn;T45_20;31584;Villemur-sur-Tarn;4.0;Oui
32079;Castelnau d'Auzan Labarrère;T00_30;32079;Castelnau d'Auzan Labarrère;1.0;Non
32096;Cazaubon;T00_30;32096;Cazaubon;1.0;Non
32106;Cologne;T45_20;32106;Cologne;4.0;Oui
32107;Condom;T01_10;32107;Condom;2.0;Oui
32119;Eauze;T01_10;32119;Eauze;2.0;Oui
32132;Fleurance;T02_20;32132;Fleurance;3.0;Oui
32147;Gimont;T45_20;32147;Gimont;4.0;Oui
32160;L'Isle-Jourdain;T45_20;32160;L'Isle-Jourdain;4.0;Oui
32208;Lectoure;T01_10;32208;Lectoure;2.0;Oui
32213;Lombez;T45_20;32213;Lombez;4.0;Oui
32233;Marciac;T00_30;32233;Marciac;1.0;Non
32242;Masseube;T02_20;32242;Masseube;3.0;Oui
32249;Mauvezin;T00_30;32249;Mauvezin;1.0;Non
32252;Miélan;T00_30;32252;Miélan;1.0;Non
32256;Mirande;T01_10;32256;Mirande;2.0;Oui
32285;Montesquiou;T01_20;32285;Montesquiou;;Non
32296;Nogaro;T01_10;32296;Nogaro;2.0;Oui
32319;Plaisance;T00_30;32319;Plaisance;1.0;Non
32344;Riscle;T00_30;32344;Riscle;1.0;Non
32370;Saint-Clar;T00_30;32370;Saint-Clar;1.0;Non
32410;Samatan;T45_20;32410;Samatan;4.0;Oui
32426;Seissan;T02_20;32426;Seissan;3.0;Oui
32459;Valence-sur-Baïse;T01_20;32459;Valence-sur-Baïse;;Non
32462;Vic-Fezensac;T01_10;32462;Vic-Fezensac;2.0;Oui
33036;Bazas;T01_10;33036;Bazas;2.0;Oui
33042;Belin-Béliet;T45_20;33042;Belin-Béliet;4.0;Oui
33058;Blaye;T01_10;33058;Blaye;2.0;Oui
33067;Bourg;T45_20;33067;Bourg;4.0;Oui
33081;Cadillac-sur-Garonne;T45_20;33081;Cadillac-sur-Garonne;4.0;Oui
33108;Castillon-la-Bataille;T00_30;33108;Castillon-la-Bataille;1.0;Non
33138;Coutras;T02_20;33138;Coutras;3.0;Oui
33140;Créon;T45_20;33140;Créon;4.0;Oui
33227;Langon;T45_20;33227;Langon;4.0;Oui
33240;Lesparre-Médoc;T01_10;33240;Lesparre-Médoc;2.0;Oui
33314;Pauillac;T01_10;33314;Pauillac;2.0;Oui
33327;Podensac;T45_20;33327;Podensac;4.0;Oui
33352;La Réole;T01_10;33352;La Réole;2.0;Oui
33366;Saint-André-de-Cubzac;T45_20;33366;Saint-André-de-Cubzac;4.0;Oui
33389;Saint-Ciers-sur-Gironde;T00_30;33389;Saint-Ciers-sur-Gironde;1.0;Non
33402;Sainte-Foy-la-Grande;T01_10;33402;Sainte-Foy-la-Grande;2.0;Oui
34028;Bédarieux;T01_10;34028;Bédarieux;2.0;Oui
34069;Cazouls-lès-Béziers;T02_20;34069;Cazouls-lès-Béziers;3.0;Oui
34079;Clermont-l'Hérault;T45_20;34079;Clermont-l'Hérault;4.0;Oui
34081;Colombiers;T02_20;34081;Colombiers;3.0;Oui
34101;Florensac;T02_20;34101;Florensac;3.0;Oui
34111;Ganges;T45_20;34111;Ganges;4.0;Oui
34114;Gignac;T45_20;34114;Gignac;4.0;Oui
34142;Lodève;T01_10;34142;Lodève;2.0;Oui
34143;Loupian;T45_20;34143;Loupian;4.0;Oui
34147;Magalas;T02_20;34147;Magalas;3.0;Oui
34150;Marseillan;T02_20;34150;Marseillan;3.0;Oui
34162;Montagnac;T00_30;34162;Montagnac;1.0;Non
34189;Olonzac;T02_20;34189;Olonzac;3.0;Oui
34199;Pézenas;T01_10;34199;Pézenas;2.0;Oui
34239;Saint-André-de-Sangonis;T45_20;34239;Saint-André-de-Sangonis;4.0;Oui
34245;Saint-Chinian;T00_30;34245;Saint-Chinian;1.0;Non
34284;Saint-Pons-de-Thomières;T00_30;34284;Saint-Pons-de-Thomières;1.0;Non
34293;La Salvetat-sur-Agout;T00_30;34293;La Salvetat-sur-Agout;1.0;Non
35004;Val-Couesnon;T00_30;35004;Val-Couesnon;1.0;Non
35012;Bain-de-Bretagne;T45_20;35012;Bain-de-Bretagne;4.0;Oui
35019;Bazouges-la-Pérouse;T00_30;35019;Bazouges-la-Pérouse;1.0;Non
35023;Bédée;T45_20;35023;Bédée;4.0;Oui
35037;Bréal-sous-Montfort;T45_20;35037;Bréal-sous-Montfort;4.0;Oui
35049;Cancale;T02_20;35049;Cancale;3.0;Oui
35069;Châteaugiron;T45_20;35069;Châteaugiron;4.0;Oui
35072;Châtillon-en-Vendelais;T02_20;35072;Châtillon-en-Vendelais;3.0;Oui
35085;Combourg;T45_20;35085;Combourg;4.0;Oui
35093;Dinard;T02_20;35093;Dinard;3.0;Oui
35095;Dol-de-Bretagne;T02_20;35095;Dol-de-Bretagne;3.0;Oui
35109;Étrelles;T02_20;35109;Étrelles;3.0;Oui
35124;Grand-Fougeray;T00_30;35124;Grand-Fougeray;1.0;Non
35125;La Guerche-de-Bretagne;T01_10;35125;La Guerche-de-Bretagne;2.0;Oui
35126;Guichen;T45_20;35126;Guichen;4.0;Oui
35136;Janzé;T45_20;35136;Janzé;4.0;Oui
35152;Liffré;T45_20;35152;Liffré;4.0;Oui
35162;Louvigné-du-Désert;T02_20;35162;Louvigné-du-Désert;3.0;Oui
35167;Martigné-Ferchaud;T00_30;35167;Martigné-Ferchaud;1.0;Non
35168;Val d'Anast;T45_20;35168;Val d'Anast;4.0;Oui
35173;Melesse;T45_20;35173;Melesse;4.0;Oui
35176;Guipry-Messac;T45_20;35176;Guipry-Messac;4.0;Oui
35177;La Mézière;T45_20;35177;La Mézière;4.0;Oui
35184;Montauban-de-Bretagne;T45_20;35184;Montauban-de-Bretagne;4.0;Oui
35188;Montfort-sur-Meu;T45_20;35188;Montfort-sur-Meu;4.0;Oui
35207;Noyal-sur-Vilaine;T45_20;35207;Noyal-sur-Vilaine;4.0;Oui
35219;Pipriac;T00_30;35219;Pipriac;1.0;Non
35222;Pleine-Fougères;T01_20;35222;Pleine-Fougères;;Non
35223;Plélan-le-Grand;T45_20;35223;Plélan-le-Grand;4.0;Oui
35227;Pleumeleuc;T45_20;35227;Pleumeleuc;4.0;Oui
35228;Pleurtuit;T02_20;35228;Pleurtuit;3.0;Oui
35239;Retiers;T45_20;35239;Retiers;4.0;Oui
35251;Saint-Aubin-d'Aubigné;T45_20;35251;Saint-Aubin-d'Aubigné;4.0;Oui
35253;Saint-Aubin-du-Cormier;T45_20;35253;Saint-Aubin-du-Cormier;4.0;Oui
35257;Maen Roch;T00_30;35257;Maen Roch;1.0;Non
35282;Rives-du-Couesnon;T45_20;35282;Rives-du-Couesnon;4.0;Oui
35284;Saint-Jouan-des-Guérets;T02_20;35284;Saint-Jouan-des-Guérets;3.0;Oui
35297;Saint-Méen-le-Grand;T01_10;35297;Saint-Méen-le-Grand;2.0;Oui
35308;Mesnil-Roc'h;T02_20;35308;Mesnil-Roc'h;3.0;Oui
35337;Tinténiac;T45_20;35337;Tinténiac;4.0;Oui
36001;Aigurande;T00_30;36001;Aigurande;1.0;Non
36005;Ardentes;T02_20;36005;Ardentes;3.0;Oui
36006;Argenton-sur-Creuse;T01_10;36006;Argenton-sur-Creuse;2.0;Oui
36018;Le Blanc;T01_10;36018;Le Blanc;2.0;Oui
36031;Buzançais;T02_20;36031;Buzançais;3.0;Oui
36034;Chabris;T01_20;36034;Chabris;;Non
36045;Châtillon-sur-Indre;T00_30;36045;Châtillon-sur-Indre;1.0;Non
36046;La Châtre;T01_10;36046;La Châtre;2.0;Oui
36063;Déols;T02_10;36063;Déols;;Non
36093;Levroux;T02_20;36093;Levroux;3.0;Oui
36141;Neuvy-Saint-Sépulchre;T02_20;36141;Neuvy-Saint-Sépulchre;3.0;Oui
36192;Saint-Gaultier;T00_30;36192;Saint-Gaultier;1.0;Non
36208;Sainte-Sévère-sur-Indre;T00_30;36208;Sainte-Sévère-sur-Indre;1.0;Non
36228;Valençay;T00_30;36228;Valençay;1.0;Non
36230;Vatan;T00_30;36230;Vatan;1.0;Non
36241;Villedieu-sur-Indre;T02_20;36241;Villedieu-sur-Indre;3.0;Oui
37020;Beaulieu-lès-Loches;T01_10;37020;Beaulieu-lès-Loches;2.0;Oui
37027;Bléré;T03_20;37027;Bléré;;Non
37031;Bourgueil;T00_30;37031;Bourgueil;1.0;Non
37062;Château-la-Vallière;T03_20;37062;Château-la-Vallière;;Non
37063;Château-Renault;T03_20;37063;Château-Renault;;Non
37091;La Croix-en-Touraine;T03_20;37091;La Croix-en-Touraine;;Non
37115;Descartes;T00_30;37115;Descartes;1.0;Non
37119;L'Île-Bouchard;T00_30;37119;L'Île-Bouchard;1.0;Non
37123;Langeais;T03_20;37123;Langeais;;Non
37130;Ligueil;T00_30;37130;Ligueil;1.0;Non
37132;Loches;T01_10;37132;Loches;2.0;Oui
37167;Neuillé-Pont-Pierre;T03_20;37167;Neuillé-Pont-Pierre;;Non
37189;Preuilly-sur-Claise;T00_30;37189;Preuilly-sur-Claise;1.0;Non
37196;Richelieu;T00_30;37196;Richelieu;1.0;Non
37225;Saint-Martin-le-Beau;T03_20;37225;Saint-Martin-le-Beau;;Non
37226;Sainte-Maure-de-Touraine;T03_20;37226;Sainte-Maure-de-Touraine;;Non
38034;Beaurepaire;T01_10;38034;Beaurepaire;2.0;Oui
38052;Le Bourg-d'Oisans;T00_30;38052;Le Bourg-d'Oisans;1.0;Non
38087;Chasse-sur-Rhône;T45_20;38087;Chasse-sur-Rhône;4.0;Oui
38130;La Côte-Saint-André;T01_10;38130;La Côte-Saint-André;2.0;Oui
38138;Crémieu;T45_20;38138;Crémieu;4.0;Oui
38226;Mens;T00_30;38226;Mens;1.0;Non
38269;La Mure;T45_20;38269;La Mure;4.0;Oui
38314;Pontcharra;T45_20;38314;Pontcharra;4.0;Oui
38315;Le Pont-de-Beauvoisin;T01_10;38315;Le Pont-de-Beauvoisin;2.0;Oui
38412;Saint-Laurent-du-Pont;T45_20;38412;Saint-Laurent-du-Pont;4.0;Oui
38416;Saint-Marcellin;T01_10;38416;Saint-Marcellin;2.0;Oui
38509;La Tour-du-Pin;T01_10;38509;La Tour-du-Pin;2.0;Oui
38517;Tullins;T45_20;38517;Tullins;4.0;Oui
38548;Villard-de-Lans;T45_20;38548;Villard-de-Lans;4.0;Oui
39013;Arbois;T01_10;39013;Arbois;2.0;Oui
39016;Arinthod;T00_30;39016;Arinthod;1.0;Non
39333;Moirans-en-Montagne;T00_30;39333;Moirans-en-Montagne;1.0;Non
39368;Hauts de Bienne;T01_10;39368;Hauts de Bienne;2.0;Oui
39434;Poligny;T01_10;39434;Poligny;2.0;Oui
39478;Saint-Claude;T01_10;39478;Saint-Claude;2.0;Oui
39500;Salins-les-Bains;T01_10;39500;Salins-les-Bains;2.0;Oui
40001;Aire-sur-l'Adour;T01_10;40001;Aire-sur-l'Adour;2.0;Oui
40002;Amou;T00_30;40002;Amou;1.0;Non
40102;Gabarret;T00_30;40102;Gabarret;1.0;Non
40110;Geaune;T00_30;40110;Geaune;1.0;Non
40117;Grenade-sur-l'Adour;T02_20;40117;Grenade-sur-l'Adour;3.0;Oui
40119;Hagetmau;T01_10;40119;Hagetmau;2.0;Oui
40134;Labouheyre;T00_30;40134;Labouheyre;1.0;Non
40194;Montfort-en-Chalosse;T02_20;40194;Montfort-en-Chalosse;3.0;Oui
40197;Morcenx-la-Nouvelle;T01_10;40197;Morcenx-la-Nouvelle;2.0;Oui
40201;Mugron;T00_30;40201;Mugron;1.0;Non
40224;Peyrehorade;T01_10;40224;Peyrehorade;2.0;Oui
40245;Roquefort;T02_20;40245;Roquefort;3.0;Oui
40282;Saint-Sever;T02_20;40282;Saint-Sever;3.0;Oui
40331;Villeneuve-de-Marsan;T02_20;40331;Villeneuve-de-Marsan;3.0;Oui
41025;Bracieux;T02_20;41025;Bracieux;3.0;Oui
41095;Fréteval;T01_20;41095;Fréteval;;Non
41106;Lamotte-Beuvron;T03_20;41106;Lamotte-Beuvron;;Non
41123;Marchenoir;T00_30;41123;Marchenoir;1.0;Non
41136;Mer;T02_20;41136;Mer;3.0;Oui
41143;Mondoubleau;T00_30;41143;Mondoubleau;1.0;Non
41149;Montoire-sur-le-Loir;T01_10;41149;Montoire-sur-le-Loir;2.0;Oui
41151;Montrichard Val de Cher;T01_10;41151;Montrichard Val de Cher;2.0;Oui
41154;Morée;T01_20;41154;Morée;;Non
41159;Neung-sur-Beuvron;T00_30;41159;Neung-sur-Beuvron;1.0;Non
41167;Veuzain-sur-Loire;T02_20;41167;Veuzain-sur-Loire;3.0;Oui
41171;Oucques La Nouvelle;T02_20;41171;Oucques La Nouvelle;3.0;Oui
41173;Beauce la Romaine;T03_20;41173;Beauce la Romaine;;Non
41198;Saint-Aignan;T01_10;41198;Saint-Aignan;2.0;Oui
41232;Salbris;T01_10;41232;Salbris;2.0;Oui
41242;Selles-sur-Cher;T00_30;41242;Selles-sur-Cher;1.0;Non
41269;Vendôme;T01_10;41269;Vendôme;2.0;Oui
42011;Balbigny;T00_30;42011;Balbigny;1.0;Non
42019;Boën-sur-Lignon;T00_30;42019;Boën-sur-Lignon;1.0;Non
42023;Bourg-Argental;T02_20;42023;Bourg-Argental;3.0;Oui
42052;Charlieu;T02_20;42052;Charlieu;3.0;Oui
42059;Chazelles-sur-Lyon;T01_10;42059;Chazelles-sur-Lyon;2.0;Oui
42094;Feurs;T01_10;42094;Feurs;2.0;Oui
42156;Neulise;T02_20;42156;Neulise;3.0;Oui
42159;Noirétable;T00_30;42159;Noirétable;1.0;Non
42165;Panissières;T00_30;42165;Panissières;1.0;Non
42168;Pélussin;T00_30;42168;Pélussin;1.0;Non
42181;Régny;T02_20;42181;Régny;3.0;Oui
42204;Saint-Bonnet-le-Château;T00_30;42204;Saint-Bonnet-le-Château;1.0;Non
42224;Saint-Genest-Malifaux;T03_20;42224;Saint-Genest-Malifaux;;Non
42230;Saint-Germain-Laval;T00_30;42230;Saint-Germain-Laval;1.0;Non
42249;Saint-Just-la-Pendue;T02_20;42249;Saint-Just-la-Pendue;3.0;Oui
42289;Saint-Symphorien-de-Lay;T02_20;42289;Saint-Symphorien-de-Lay;3.0;Oui
42304;Sury-le-Comtal;T03_20;42304;Sury-le-Comtal;;Non
43003;Allègre;T00_30;43003;Allègre;1.0;Non
43012;Aurec-sur-Loire;T03_20;43012;Aurec-sur-Loire;;Non
43016;Auzon;T01_20;43016;Auzon;;Non
43040;Brioude;T01_10;43040;Brioude;2.0;Oui
43042;Cayres;T02_20;43042;Cayres;3.0;Oui
43051;Le Chambon-sur-Lignon;T00_30;43051;Le Chambon-sur-Lignon;1.0;Non
43077;Costaros;T02_20;43077;Costaros;3.0;Oui
43080;Craponne-sur-Arzon;T00_30;43080;Craponne-sur-Arzon;1.0;Non
43087;Dunières;T00_30;43087;Dunières;1.0;Non
43111;Landos;T00_30;43111;Landos;1.0;Non
43112;Langeac;T01_10;43112;Langeac;2.0;Oui
43135;Le Monastier-sur-Gazeille;T02_20;43135;Le Monastier-sur-Gazeille;3.0;Oui
43137;Monistrol-sur-Loire;T03_20;43137;Monistrol-sur-Loire;;Non
43141;Montfaucon-en-Velay;T00_30;43141;Montfaucon-en-Velay;1.0;Non
43148;Paulhaguet;T00_30;43148;Paulhaguet;1.0;Non
43154;Pradelles;T00_30;43154;Pradelles;1.0;Non
43162;Retournac;T00_30;43162;Retournac;1.0;Non
43163;Riotord;T00_30;43163;Riotord;1.0;Non
43177;Saint-Didier-en-Velay;T03_20;43177;Saint-Didier-en-Velay;;Non
43185;Sainte-Florine;T01_20;43185;Sainte-Florine;;Non
43200;Saint-Julien-Chapteuil;T02_20;43200;Saint-Julien-Chapteuil;3.0;Oui
43205;Saint-Just-Malmont;T03_20;43205;Saint-Just-Malmont;;Non
43224;Sainte-Sigolène;T01_10;43224;Sainte-Sigolène;2.0;Oui
43234;Saugues;T00_30;43234;Saugues;1.0;Non
43244;Tence;T00_30;43244;Tence;1.0;Non
43267;Vorey;T02_20;43267;Vorey;3.0;Oui
43268;Yssingeaux;T01_10;43268;Yssingeaux;2.0;Oui
44003;Ancenis-Saint-Géréon;T02_10;44003;Ancenis-Saint-Géréon;;Non
44015;Blain;T45_20;44015;Blain;4.0;Oui
44043;Clisson;T45_20;44043;Clisson;4.0;Oui
44067;Guémené-Penfao;T00_30;44067;Guémené-Penfao;1.0;Non
44069;Guérande;T03_20;44069;Guérande;;Non
44071;Haute-Goulaine;T45_20;44071;Haute-Goulaine;4.0;Oui
44072;Herbignac;T00_30;44072;Herbignac;1.0;Non
44084;Le Loroux-Bottereau;T45_20;44084;Le Loroux-Bottereau;4.0;Oui
44087;Machecoul-Saint-Même;T01_10;44087;Machecoul-Saint-Même;2.0;Oui
44098;Missillac;T03_20;44098;Missillac;;Non
44110;Nort-sur-Erdre;T45_20;44110;Nort-sur-Erdre;4.0;Oui
44113;Nozay;T45_20;44113;Nozay;4.0;Oui
44116;Paimbœuf;T03_20;44116;Paimbœuf;;Non
44129;Pontchâteau;T03_20;44129;Pontchâteau;;Non
44131;Pornic;T01_10;44131;Pornic;2.0;Oui
44154;Saint-Brevin-les-Pins;T03_20;44154;Saint-Brevin-les-Pins;;Non
44158;Saint-Étienne-de-Montluc;T45_20;44158;Saint-Étienne-de-Montluc;4.0;Oui
44161;Saint-Gildas-des-Bois;T00_30;44161;Saint-Gildas-des-Bois;1.0;Non
44180;Vallons-de-l'Erdre;T02_20;44180;Vallons-de-l'Erdre;3.0;Oui
44186;Sainte-Pazanne;T45_20;44186;Sainte-Pazanne;4.0;Oui
44188;Saint-Philbert-de-Grand-Lieu;T45_20;44188;Saint-Philbert-de-Grand-Lieu;4.0;Oui
44195;Savenay;T45_20;44195;Savenay;4.0;Oui
44212;Vallet;T45_20;44212;Vallet;4.0;Oui
44213;Loireauxence;T02_20;44213;Loireauxence;3.0;Oui
45028;Beaugency;T03_20;45028;Beaugency;;Non
45030;Beaune-la-Rolande;T00_30;45030;Beaune-la-Rolande;1.0;Non
45053;Briare;T01_20;45053;Briare;;Non
45082;Châteauneuf-sur-Loire;T03_20;45082;Châteauneuf-sur-Loire;;Non
45085;Châtillon-Coligny;T00_30;45085;Châtillon-Coligny;1.0;Non
45115;Courtenay;T00_30;45115;Courtenay;1.0;Non
45145;Ferrières-en-Gâtinais;T45_20;45145;Ferrières-en-Gâtinais;4.0;Oui
45146;La Ferté-Saint-Aubin;T03_20;45146;La Ferté-Saint-Aubin;;Non
45187;Lorris;T00_30;45187;Lorris;1.0;Non
45191;Le Malesherbois;T45_20;45191;Le Malesherbois;4.0;Oui
45203;Meung-sur-Loire;T03_20;45203;Meung-sur-Loire;;Non
45224;Neuville-aux-Bois;T03_20;45224;Neuville-aux-Bois;;Non
45248;Patay;T03_20;45248;Patay;;Non
45258;Puiseaux;T45_20;45258;Puiseaux;4.0;Oui
45315;Sully-sur-Loire;T01_10;45315;Sully-sur-Loire;2.0;Oui
46029;Biars-sur-Cère;T01_10;46029;Biars-sur-Cère;2.0;Oui
46038;Bretenoux;T01_10;46038;Bretenoux;2.0;Oui
46045;Cajarc;T00_30;46045;Cajarc;1.0;Non
46063;Castelnau-Montratier;T02_20;46063;Castelnau Montratier-Sainte Alauzie;3.0;Oui
46066;Cazals;T00_30;46066;Cazals;1.0;Non
46127;Gourdon;T01_10;46127;Gourdon;2.0;Oui
46128;Gramat;T01_10;46128;Gramat;2.0;Oui
46143;Lacapelle-Marival;T00_30;46143;Lacapelle-Marival;1.0;Non
46148;Lalbenque;T02_20;46148;Lalbenque;3.0;Oui
46173;Limogne-en-Quercy;T00_30;46173;Limogne-en-Quercy;1.0;Non
46182;Luzech;T02_20;46182;Luzech;3.0;Oui
46185;Martel;T00_30;46185;Martel;1.0;Non
46201;Montcuq-en-Quercy-Blanc;T00_30;46201;Montcuq-en-Quercy-Blanc;1.0;Non
46225;Prayssac;T00_30;46225;Prayssac;1.0;Non
46231;Puy-l'Évêque;T00_30;46231;Puy-l'Évêque;1.0;Non
46251;Saint-Céré;N/A - résultat non disponible;46251;Saint-Céré;;Non
46297;Salviac;T01_20;46297;Salviac;;Non
46309;Souillac;T01_10;46309;Souillac;2.0;Oui
46330;Vayrac;T01_20;46330;Vayrac;;Non
47004;Aiguillon;T00_30;47004;Aiguillon;1.0;Non
47015;Astaffort;T02_20;47015;Astaffort;3.0;Oui
47021;Barbaste;T01_20;47021;Barbaste;;Non
47048;Cancon;T02_20;47048;Cancon;3.0;Oui
47052;Casteljaloux;T01_10;47052;Casteljaloux;2.0;Oui
47054;Castelmoron-sur-Lot;T00_30;47054;Castelmoron-sur-Lot;1.0;Non
47057;Castillonnès;T00_30;47057;Castillonnès;1.0;Non
47078;Damazan;T00_30;47078;Damazan;1.0;Non
47086;Duras;T00_30;47086;Duras;1.0;Non
47106;Fumel;T01_10;47106;Fumel;2.0;Oui
47143;Lavardac;T01_10;47143;Lavardac;2.0;Oui
47168;Miramont-de-Guyenne;T01_10;47168;Miramont-de-Guyenne;2.0;Oui
47175;Monflanquin;T02_20;47175;Monflanquin;3.0;Oui
47179;Monsempron-Libos;T01_10;47179;Monsempron-Libos;2.0;Oui
47195;Nérac;T01_10;47195;Nérac;2.0;Oui
47210;Port-Sainte-Marie;T00_30;47210;Port-Sainte-Marie;1.0;Non
47252;Sainte-Livrade-sur-Lot;T02_20;47252;Sainte-Livrade-sur-Lot;3.0;Oui
47324;Villeréal;T00_30;47324;Villeréal;1.0;Non
48017;Banassac-Canilhac;T00_30;48017;Banassac-Canilhac;1.0;Non
48034;La Canourgue;T00_30;48034;La Canourgue;1.0;Non
48038;Bel-Air-Val-d'Ance;T00_30;48038;Bel-Air-Val-d'Ance;1.0;Non
48039;Chanac;T01_20;48039;Chanac;;Non
48061;Florac Trois Rivières;T00_30;48061;Florac Trois Rivières;1.0;Non
48075;Ispagnac;T01_20;48075;Ispagnac;;Non
48080;Langogne;T00_30;48080;Langogne;1.0;Non
48092;Marvejols;T01_10;48092;Marvejols;2.0;Oui
48094;Massegros Causses Gorges;T00_30;48094;Massegros Causses Gorges;1.0;Non
48096;Meyrueis;T00_30;48096;Meyrueis;1.0;Non
48099;Bourgs sur Colagne;T01_10;48099;Bourgs sur Colagne;2.0;Oui
48140;Saint-Chély-d'Apcher;T01_10;48140;Saint-Chély-d'Apcher;2.0;Oui
48146;Gorges du Tarn Causses;T00_30;48146;Gorges du Tarn Causses;1.0;Non
48156;Saint-Germain-du-Teil;T00_30;48156;Saint-Germain-du-Teil;1.0;Non
49002;Allonnes;T02_20;49002;Allonnes;3.0;Oui
49018;Baugé-en-Anjou;T01_10;49018;Baugé-en-Anjou;2.0;Oui
49063;Chalonnes-sur-Loire;T03_20;49063;Chalonnes-sur-Loire;;Non
49080;Les Hauts-d'Anjou;T03_20;49080;Les Hauts-d'Anjou;;Non
49125;Doué-en-Anjou;T01_10;49125;Doué-en-Anjou;2.0;Oui
49127;Durtal;T01_10;49127;Durtal;2.0;Oui
49180;Longué-Jumelles;T01_10;49180;Longué-Jumelles;2.0;Oui
49215;Montreuil-Bellay;T02_20;49215;Montreuil-Bellay;3.0;Oui
49228;Noyant-Villages;T00_30;49228;Noyant-Villages;1.0;Non
49244;Mauges-sur-Loire;T01_10;49244;Mauges-sur-Loire;2.0;Oui
49248;Ombrée d'Anjou;T01_20;49248;Ombrée d'Anjou;;Non
49261;Gennes-Val-de-Loire;T02_20;49261;Gennes-Val-de-Loire;3.0;Oui
49331;Segré-en-Anjou Bleu;T01_10;49331;Segré-en-Anjou Bleu;2.0;Oui
49373;Lys-Haut-Layon;T00_30;49373;Lys-Haut-Layon;1.0;Non
50003;Agon-Coutainville;T01_20;50003;Agon-Coutainville;;Non
50025;Avranches;T01_10;50025;Avranches;2.0;Oui
50031;Barneville-Carteret;T00_30;50031;Barneville-Carteret;1.0;Non
50041;La Hague;T02_20;50041;La Hague;3.0;Oui
50074;Brécey;T00_30;50074;Brécey;1.0;Non
50076;Bréhal;T01_20;50076;Bréhal;;Non
50082;Bricquebec-en-Cotentin;T02_20;50082;Bricquebec-en-Cotentin;3.0;Oui
50099;Carentan-les-Marais;T01_10;50099;Carentan-les-Marais;2.0;Oui
50139;Condé-sur-Vire;T02_20;50139;Condé-sur-Vire;3.0;Oui
50147;Coutances;T01_10;50147;Coutances;2.0;Oui
50197;Gavray-sur-Sienne;T00_30;50197;Gavray-sur-Sienne;1.0;Non
50218;Granville;T01_10;50218;Granville;2.0;Oui
50236;La Haye;T00_30;50236;La Haye;1.0;Non
50237;La Haye-Pesnel;T01_20;50237;La Haye-Pesnel;;Non
50267;Lessay;T01_10;50267;Lessay;2.0;Oui
50292;Marigny-Le-Lozon;T02_20;50292;Marigny-Le-Lozon;3.0;Oui
50341;Montebourg;T00_30;50341;Montebourg;1.0;Non
50359;Mortain-Bocage;T00_30;50359;Mortain-Bocage;1.0;Non
50393;Percy-en-Normandie;T00_30;50393;Percy-en-Normandie;1.0;Non
50394;Périers;T00_30;50394;Périers;1.0;Non
50400;Picauville;T00_30;50400;Picauville;1.0;Non
50402;Les Pieux;T02_20;50402;Les Pieux;3.0;Oui
50410;Pontorson;T01_10;50410;Pontorson;2.0;Oui
50412;Port-Bail-sur-Mer;T00_30;50412;Port-Bail-sur-Mer;1.0;Non
50417;Quettehou;T00_30;50417;Quettehou;1.0;Non
50484;Saint-Hilaire-du-Harcouët;T01_10;50484;Saint-Hilaire-du-Harcouët;2.0;Oui
50487;Saint-James;T00_30;50487;Saint-James;1.0;Non
50523;Sainte-Mère-Église;T00_30;50523;Sainte-Mère-Église;1.0;Non
50539;Saint-Pierre-Église;T02_20;50539;Saint-Pierre-Église;3.0;Oui
50551;Saint-Sauveur-le-Vicomte;T00_30;50551;Saint-Sauveur-le-Vicomte;1.0;Non
50562;Saint-Vaast-la-Hougue;T00_30;50562;Saint-Vaast-la-Hougue;1.0;Non
50565;Sartilly-Baie-Bocage;T01_20;50565;Sartilly-Baie-Bocage;;Non
50582;Sourdeval;T01_20;50582;Sourdeval;;Non
50591;Le Teilleul;T00_30;50591;Le Teilleul;1.0;Non
50601;Torigny-les-Villes;T02_20;50601;Torigny-les-Villes;3.0;Oui
50615;Valognes;T02_20;50615;Valognes;3.0;Oui
50639;Villedieu-les-Poêles-Rouffigny;T01_10;50639;Villedieu-les-Poêles-Rouffigny;2.0;Oui
51217;Dormans;T00_30;51217;Dormans;1.0;Non
51248;Fère-Champenoise;T00_30;51248;Fère-Champenoise;1.0;Non
51250;Fismes;T03_20;51250;Fismes;;Non
51380;Montmirail;T01_10;51380;Montmirail;2.0;Oui
51388;Mourmelon-le-Grand;T01_10;51388;Mourmelon-le-Grand;2.0;Oui
51423;Pargny-sur-Saulx;T01_20;51423;Pargny-sur-Saulx;;Non
51507;Sainte-Menehould;T01_10;51507;Sainte-Menehould;2.0;Oui
51531;Sermaize-les-Bains;T00_30;51531;Sermaize-les-Bains;1.0;Non
51535;Sézanne;T01_10;51535;Sézanne;2.0;Oui
51612;Blancs-Coteaux;T01_10;51612;Blancs-Coteaux;2.0;Oui
52008;Andelot-Blancheville;T02_20;52008;Andelot-Blancheville;3.0;Oui
52017;Arc-en-Barrois;T02_20;52017;Arc-en-Barrois;3.0;Oui
52050;Biesles;T02_20;52050;Biesles;3.0;Oui
52058;Bologne;T02_20;52058;Bologne;3.0;Oui
52060;Bourbonne-les-Bains;T00_30;52060;Bourbonne-les-Bains;1.0;Non
52064;Bourmont-entre-Meuse-et-Mouzon;T00_30;52064;Bourmont-entre-Meuse-et-Mouzon;1.0;Non
52074;Breuvannes-en-Bassigny;T00_30;52074;Breuvannes-en-Bassigny;1.0;Non
52093;Chalindrey;T01_20;52093;Chalindrey;;Non
52114;Châteauvillain;T02_20;52114;Châteauvillain;3.0;Oui
52177;Doulaincourt-Saucourt;T00_30;52177;Doulaincourt-Saucourt;1.0;Non
52197;Fayl-Billot;T00_30;52197;Fayl-Billot;1.0;Non
52211;Froncles;T02_20;52211;Froncles;3.0;Oui
52247;Illoud;T00_30;52247;Illoud;1.0;Non
52250;Joinville;T01_10;52250;Joinville;2.0;Oui
52269;Langres;T01_10;52269;Langres;2.0;Oui
52331;La Porte du Der;T02_20;52331;La Porte du Der;3.0;Oui
52353;Nogent;T02_20;52353;Nogent;3.0;Oui
52405;Le Montsaugeonnais;T00_30;52405;Le Montsaugeonnais;1.0;Non
52444;Saint-Blin;T00_30;52444;Saint-Blin;1.0;Non
52550;Wassy;T02_20;52550;Wassy;3.0;Oui
53003;Ambrières-les-Vallées;T01_20;53003;Ambrières-les-Vallées;;Non
53062;Château-Gontier-sur-Mayenne;T01_10;53062;Château-Gontier-sur-Mayenne;2.0;Oui
53077;Cossé-le-Vivien;T02_20;53077;Cossé-le-Vivien;3.0;Oui
53084;Craon;T01_10;53084;Craon;2.0;Oui
53096;Ernée;T01_10;53096;Ernée;2.0;Oui
53097;Évron;T01_10;53097;Évron;2.0;Oui
53107;Gorron;T01_10;53107;Gorron;2.0;Oui
53127;Lassay-les-Châteaux;T00_30;53127;Lassay-les-Châteaux;1.0;Non
53147;Mayenne;T01_10;53147;Mayenne;2.0;Oui
53152;Meslay-du-Maine;T02_20;53152;Meslay-du-Maine;3.0;Oui
53161;Montsûrs;T02_20;53161;Montsûrs;3.0;Oui
53182;Port-Brillet;T02_20;53182;Port-Brillet;3.0;Oui
53185;Pré-en-Pail-Saint-Samson;T00_30;53185;Pré-en-Pail-Saint-Samson;1.0;Non
53188;Renazé;T00_30;53188;Renazé;1.0;Non
53271;Villaines-la-Juhel;T01_10;53271;Villaines-la-Juhel;2.0;Oui
54039;Baccarat;T01_10;54039;Baccarat;2.0;Oui
54076;Blainville-sur-l'Eau;T03_20;54076;Blainville-sur-l'Eau;;Non
54099;Val de Briey;T01_10;54099;Val de Briey;2.0;Oui
54129;Cirey-sur-Vezouze;T00_30;54129;Cirey-sur-Vezouze;1.0;Non
54135;Colombey-les-Belles;T03_20;54135;Colombey-les-Belles;;Non
54263;Homécourt;T01_10;54263;Homécourt;2.0;Oui
54273;Jarny;T01_10;54273;Jarny;2.0;Oui
54280;Jœuf;T01_10;54280;Jœuf;2.0;Oui
54322;Longuyon;T00_30;54322;Longuyon;1.0;Non
54397;Neuves-Maisons;T03_20;54397;Neuves-Maisons;;Non
54400;Nomeny;T03_20;54400;Nomeny;;Non
54425;Piennes;T00_30;54425;Piennes;1.0;Non
54431;Pont-à-Mousson;T01_10;54431;Pont-à-Mousson;2.0;Oui
54432;Pont-Saint-Vincent;T03_20;54432;Pont-Saint-Vincent;;Non
54563;Vézelise;T03_20;54563;Vézelise;;Non
55063;Bouligny;T00_30;55063;Bouligny;1.0;Non
55122;Commercy;T01_10;55122;Commercy;2.0;Oui
55181;Étain;T01_10;55181;Étain;2.0;Oui
55291;Ligny-en-Barrois;T02_20;55291;Ligny-en-Barrois;3.0;Oui
55351;Montmédy;T00_30;55351;Montmédy;1.0;Non
55427;Revigny-sur-Ornain;T02_20;55427;Revigny-sur-Ornain;3.0;Oui
55463;Saint-Mihiel;T01_10;55463;Saint-Mihiel;2.0;Oui
55502;Stenay;T00_30;55502;Stenay;1.0;Non
55533;Vaucouleurs;T00_30;55533;Vaucouleurs;1.0;Non
56001;Allaire;T01_20;56001;Allaire;;Non
56007;Auray;T01_10;56007;Auray;2.0;Oui
56010;Baud;T01_10;56010;Baud;2.0;Oui
56053;Elven;T02_20;56053;Elven;3.0;Oui
56057;Le Faouët;T00_30;56057;Le Faouët;1.0;Non
56061;La Gacilly;T00_30;56061;La Gacilly;1.0;Non
56066;Gourin;T01_10;56066;Gourin;2.0;Oui
56067;Grand-Champ;T02_20;56067;Grand-Champ;3.0;Oui
56073;Guémené-sur-Scorff;T00_30;56073;Guémené-sur-Scorff;1.0;Non
56075;Guer;T01_10;56075;Guer;2.0;Oui
56083;Hennebont;T03_20;56083;Hennebont;;Non
56091;Josselin;T01_10;56091;Josselin;2.0;Oui
56101;Languidic;T03_20;56101;Languidic;;Non
56117;Locminé;T01_10;56117;Locminé;2.0;Oui
56123;Malansac;T00_30;56123;Malansac;1.0;Non
56127;Mauron;T00_30;56127;Mauron;1.0;Non
56143;Muzillac;T02_20;56143;Muzillac;3.0;Oui
56147;Nivillac;T00_30;56147;Nivillac;1.0;Non
56152;Le Palais;T00_30;56152;Le Palais;1.0;Non
56165;Ploërmel;T01_10;56165;Ploërmel;2.0;Oui
56166;Plouay;T03_20;56166;Plouay;;Non
56169;Plouhinec;T03_20;56169;Plouhinec;;Non
56184;Questembert;T00_30;56184;Questembert;1.0;Non
56186;Quiberon;T01_10;56186;Quiberon;2.0;Oui
56190;Réguiny;T00_30;56190;Réguiny;1.0;Non
56195;La Roche-Bernard;T00_30;56195;La Roche-Bernard;1.0;Non
56198;Rohan;T01_20;56198;Rohan;;Non
56222;Saint-Jean-Brévelay;T02_20;56222;Saint-Jean-Brévelay;3.0;Oui
56240;Sarzeau;T00_30;56240;Sarzeau;1.0;Non
56244;Sérent;T00_30;56244;Sérent;1.0;Non
57089;Bitche;T01_10;57089;Bitche;2.0;Oui
57097;Boulay-Moselle;T03_20;57097;Boulay-Moselle;;Non
57106;Bouzonville;T01_10;57106;Bouzonville;2.0;Oui
57132;Château-Salins;T00_30;57132;Château-Salins;1.0;Non
57160;Creutzwald;T01_10;57160;Creutzwald;2.0;Oui
57177;Dieuze;T01_10;57177;Dieuze;2.0;Oui
57207;Farébersviller;T01_10;57207;Farébersviller;2.0;Oui
57240;Freyming-Merlebach;T01_10;57240;Freyming-Merlebach;2.0;Oui
57332;Hombourg-Haut;T01_10;57332;Hombourg-Haut;2.0;Oui
57483;Morhange;T01_10;57483;Morhange;2.0;Oui
57650;Sierck-les-Bains;T45_20;57650;Sierck-les-Bains;4.0;Oui
58046;Cercy-la-Tour;T00_30;58046;Cercy-la-Tour;1.0;Non
58059;La Charité-sur-Loire;T01_10;58059;La Charité-sur-Loire;2.0;Oui
58062;Château-Chinon (Ville);T00_30;58062;Château-Chinon (Ville);1.0;Non
58065;Châtillon-en-Bazois;T00_30;58065;Châtillon-en-Bazois;1.0;Non
58079;Clamecy;T01_10;58079;Clamecy;2.0;Oui
58083;Corbigny;T00_30;58083;Corbigny;1.0;Non
58095;Decize;T01_10;58095;Decize;2.0;Oui
58131;Guérigny;T02_20;58131;Guérigny;3.0;Oui
58134;Imphy;T02_20;58134;Imphy;3.0;Oui
58145;Lormes;T00_30;58145;Lormes;1.0;Non
58149;Luzy;T00_30;58149;Luzy;1.0;Non
58151;La Machine;T01_20;58151;La Machine;;Non
58182;Moulins-Engilbert;T00_30;58182;Moulins-Engilbert;1.0;Non
58218;Prémery;T02_20;58218;Prémery;3.0;Oui
58227;Saint-Amand-en-Puisaye;T00_30;58227;Saint-Amand-en-Puisaye;1.0;Non
58232;Saint-Benin-d'Azy;T02_20;58232;Saint-Benin-d'Azy;3.0;Oui
58250;Saint-Léger-des-Vignes;T01_10;58250;Saint-Léger-des-Vignes;2.0;Oui
58267;Saint-Saulge;T00_30;58267;Saint-Saulge;1.0;Non
58304;Varzy;T01_20;58304;Varzy;;Non
59008;Aniche;T02_20;59008;Aniche;3.0;Oui
59015;Arleux;T02_20;59015;Arleux;3.0;Oui
59035;Avesnelles;T01_10;59035;Avesnelles;2.0;Oui
59036;Avesnes-sur-Helpe;T01_10;59036;Avesnes-sur-Helpe;2.0;Oui
59037;Avesnes-les-Aubert;T02_20;59037;Avesnes-les-Aubert;3.0;Oui
59053;Bavay;T02_20;59053;Bavay;3.0;Oui
59136;Le Cateau-Cambrésis;T01_10;59136;Le Cateau-Cambrésis;2.0;Oui
59139;Caudry;T01_10;59139;Caudry;2.0;Oui
59153;Condé-sur-l'Escaut;T03_20;59153;Condé-sur-l'Escaut;;Non
59249;Fourmies;T01_10;59249;Fourmies;2.0;Oui
59331;Landrecies;T00_30;59331;Landrecies;1.0;Non
59481;Le Quesnoy;T03_20;59481;Le Quesnoy;;Non
59525;Sains-du-Nord;T00_30;59525;Sains-du-Nord;1.0;Non
59571;Solesmes;T01_10;59571;Solesmes;2.0;Oui
59574;Somain;T01_10;59574;Somain;2.0;Oui
60029;Auneuil;T02_20;60029;Auneuil;3.0;Oui
60103;Bresles;T02_20;60103;Bresles;3.0;Oui
60104;Breteuil;T01_10;60104;Breteuil;2.0;Oui
60157;Clermont;T45_20;60157;Clermont;4.0;Oui
60178;Crèvecœur-le-Grand;T02_20;60178;Crèvecœur-le-Grand;3.0;Oui
60245;Formerie;T00_30;60245;Formerie;1.0;Non
60286;Grandvilliers;T02_20;60286;Grandvilliers;3.0;Oui
60333;Lachapelle-aux-Pots;T02_20;60333;Lachapelle-aux-Pots;3.0;Oui
60395;Méru;T45_20;60395;Méru;4.0;Oui
60439;Mouy;T45_20;60439;Mouy;4.0;Oui
60471;Noyon;T01_10;60471;Noyon;2.0;Oui
60509;Pont-Sainte-Maxence;T45_20;60509;Pont-Sainte-Maxence;4.0;Oui
60577;Saint-Germer-de-Fly;T02_20;60577;Saint-Germer-de-Fly;3.0;Oui
61007;Athis-Val de Rouvre;T02_20;61007;Athis-Val de Rouvre;3.0;Oui
61038;Bellême;T00_30;61038;Bellême;1.0;Non
61063;Briouze;T00_30;61063;Briouze;1.0;Non
61074;Carrouges;T00_30;61074;Carrouges;1.0;Non
61145;Domfront en Poiraie;T01_10;61145;Domfront en Poiraie;2.0;Oui
61153;Écouché-les-Vallées;T01_20;61153;Écouché-les-Vallées;;Non
61168;La Ferté Macé;T01_10;61168;La Ferté Macé;2.0;Oui
61181;Gacé;T00_30;61181;Gacé;1.0;Non
61214;L'Aigle;T01_10;61214;L'Aigle;2.0;Oui
61230;Longny les Villages;T00_30;61230;Longny les Villages;1.0;Non
61258;Le Mêle-sur-Sarthe;T02_20;61258;Le Mêle-sur-Sarthe;3.0;Oui
61293;Mortagne-au-Perche;T01_10;61293;Mortagne-au-Perche;2.0;Oui
61339;Putanges-le-Lac;T00_30;61339;Putanges-le-Lac;1.0;Non
61345;Rémalard en Perche;T00_30;61345;Rémalard en Perche;1.0;Non
61464;Sées;T01_10;61464;Sées;2.0;Oui
61483;Bagnoles de l'Orne Normandie;T01_10;61483;Bagnoles de l'Orne Normandie;2.0;Oui
61484;Val-au-Perche;T01_20;61484;Val-au-Perche;;Non
61486;Tinchebray-Bocage;T02_20;61486;Tinchebray-Bocage;3.0;Oui
61494;Trun;T01_20;61494;Trun;;Non
61508;Vimoutiers;T00_30;61508;Vimoutiers;1.0;Non
62014;Aire-sur-la-Lys;T01_10;62014;Aire-sur-la-Lys;2.0;Oui
62048;Auchel;T02_10;62048;Auchel;;Non
62060;Auxi-le-Château;T00_30;62060;Auxi-le-Château;1.0;Non
62063;Avesnes-le-Comte;T02_20;62063;Avesnes-le-Comte;3.0;Oui
62080;Bapaume;T01_10;62080;Bapaume;2.0;Oui
62186;Bully-les-Mines;T03_20;62186;Bully-les-Mines;;Non
62194;Calonne-Ricouart;T02_10;62194;Calonne-Ricouart;;Non
62215;Carvin;T45_20;62215;Carvin;4.0;Oui
62268;Desvres;T02_20;62268;Desvres;3.0;Oui
62361;Frévent;T00_30;62361;Frévent;1.0;Non
62364;Fruges;T01_10;62364;Fruges;2.0;Oui
62397;Guînes;T02_20;62397;Guînes;3.0;Oui
62447;Hesdin;T01_10;62447;Hesdin;2.0;Oui
62516;Lillers;T02_10;62516;Lillers;;Non
62534;Lumbres;T02_20;62534;Lumbres;3.0;Oui
62560;Marquise;T02_20;62560;Marquise;3.0;Oui
62563;Mazingarbe;T03_20;62563;Mazingarbe;;Non
62588;Montreuil-sur-Mer;T01_10;62588;Montreuil-sur-Mer;2.0;Oui
62667;Le Portel;T02_10;62667;Le Portel;;Non
62758;Saint-Martin-Boulogne;T02_10;62758;Saint-Martin-Boulogne;;Non
62894;Wimille;T02_20;62894;Wimille;3.0;Oui
62907;Libercourt;T45_20;62907;Libercourt;4.0;Oui
63001;Aigueperse;T03_20;63001;Aigueperse;;Non
63003;Ambert;T01_10;63003;Ambert;2.0;Oui
63004;Les Ancizes-Comps;T00_30;63004;Les Ancizes-Comps;1.0;Non
63009;Ardes;T01_20;63009;Ardes;;Non
63010;Arlanc;T01_20;63010;Arlanc;;Non
63038;Besse-et-Saint-Anastaise;T00_30;63038;Besse-et-Saint-Anastaise;1.0;Non
63040;Billom;T03_20;63040;Billom;;Non
63047;La Bourboule;T00_30;63047;La Bourboule;1.0;Non
63048;Bourg-Lastic;T00_30;63048;Bourg-Lastic;1.0;Non
63050;Brassac-les-Mines;T01_20;63050;Brassac-les-Mines;;Non
63080;Champeix;T03_20;63080;Champeix;;Non
63103;Châtel-Guyon;T03_20;63103;Châtel-Guyon;;Non
63116;Combronde;T03_20;63116;Combronde;;Non
63125;Courpière;T01_20;63125;Courpière;;Non
63132;Cunlhat;T00_30;63132;Cunlhat;1.0;Non
63165;Giat;T00_30;63165;Giat;1.0;Non
63195;Lezoux;T03_20;63195;Lezoux;;Non
63210;Maringues;T03_20;63210;Maringues;;Non
63236;Mont-Dore;T00_30;63236;Mont-Dore;1.0;Non
63245;Mozac;T03_20;63245;Mozac;;Non
63281;Pionsat;T00_30;63281;Pionsat;1.0;Non
63283;Pontaumur;T00_30;63283;Pontaumur;1.0;Non
63285;Pontgibaud;T03_20;63285;Pontgibaud;;Non
63291;Puy-Guillaume;T01_20;63291;Puy-Guillaume;;Non
63295;Randan;T00_30;63295;Randan;1.0;Non
63305;Rochefort-Montagne;T00_30;63305;Rochefort-Montagne;1.0;Non
63338;Saint-Éloy-les-Mines;T01_10;63338;Saint-Éloy-les-Mines;2.0;Oui
63352;Saint-Germain-Lembron;T01_20;63352;Saint-Germain-Lembron;;Non
63354;Saint-Gervais-d'Auvergne;T00_30;63354;Saint-Gervais-d'Auvergne;1.0;Non
63415;Sauxillanges;T01_20;63415;Sauxillanges;;Non
63457;Vic-le-Comte;T03_20;63457;Vic-le-Comte;;Non
63470;Volvic;T03_20;63470;Volvic;;Non
64062;Arudy;T03_20;64062;Arudy;;Non
64063;Arzacq-Arraziguet;T03_20;64063;Arzacq-Arraziguet;;Non
64233;Garlin;T00_30;64233;Garlin;1.0;Non
64256;Hasparren;T03_20;64256;Hasparren;;Non
64260;Hendaye;T01_10;64260;Hendaye;2.0;Oui
64320;Laruns;T00_30;64320;Laruns;1.0;Non
64331;Lembeye;T03_20;64331;Lembeye;;Non
64371;Mauléon-Licharre;T01_10;64371;Mauléon-Licharre;2.0;Oui
64405;Morlaàs;T03_20;64405;Morlaàs;;Non
64410;Mourenx;T01_10;64410;Mourenx;2.0;Oui
64416;Navarrenx;T00_30;64416;Navarrenx;1.0;Non
64417;Nay;T03_20;64417;Nay;;Non
64422;Oloron-Sainte-Marie;T01_10;64422;Oloron-Sainte-Marie;2.0;Oui
64430;Orthez;T01_10;64430;Orthez;2.0;Oui
64453;Pontacq;T03_20;64453;Pontacq;;Non
64485;Saint-Jean-Pied-de-Port;T01_10;64485;Saint-Jean-Pied-de-Port;2.0;Oui
64493;Saint-Palais;T01_10;64493;Saint-Palais;2.0;Oui
64499;Salies-de-Béarn;T01_10;64499;Salies-de-Béarn;2.0;Oui
64513;Sauveterre-de-Béarn;T00_30;64513;Sauveterre-de-Béarn;1.0;Non
64519;Serres-Castet;T03_20;64519;Serres-Castet;;Non
65025;Argelès-Gazost;T01_10;65025;Argelès-Gazost;2.0;Oui
65031;Arreau;T00_30;65031;Arreau;1.0;Non
65059;Bagnères-de-Bigorre;T01_10;65059;Bagnères-de-Bigorre;2.0;Oui
65129;Castelnau-Magnoac;T00_30;65129;Castelnau-Magnoac;1.0;Non
65138;Cauterets;T00_30;65138;Cauterets;1.0;Non
65258;Lannemezan;T01_10;65258;Lannemezan;2.0;Oui
65287;Loures-Barousse;T00_30;65287;Loures-Barousse;1.0;Non
65304;Maubourguet;T01_10;65304;Maubourguet;2.0;Oui
65375;Rabastens-de-Bigorre;T02_20;65375;Rabastens-de-Bigorre;3.0;Oui
65388;Saint-Lary-Soulan;T00_30;65388;Saint-Lary-Soulan;1.0;Non
65389;Saint-Laurent-de-Neste;T01_20;65389;Saint-Laurent-de-Neste;;Non
65447;Tournay;T02_20;65447;Tournay;3.0;Oui
65452;Trie-sur-Baïse;T00_30;65452;Trie-sur-Baïse;1.0;Non
65460;Vic-en-Bigorre;T02_20;65460;Vic-en-Bigorre;3.0;Oui
66003;Amélie-les-Bains-Palalda;T01_10;66003;Amélie-les-Bains-Palalda;2.0;Oui
66004;Les Angles;T00_30;66004;Les Angles;1.0;Non
66009;Arles-sur-Tech;T01_10;66009;Arles-sur-Tech;2.0;Oui
66016;Banyuls-sur-Mer;T01_10;66016;Banyuls-sur-Mer;2.0;Oui
66024;Le Boulou;T03_20;66024;Le Boulou;;Non
66025;Bourg-Madame;T00_30;66025;Bourg-Madame;1.0;Non
66049;Céret;T01_10;66049;Céret;2.0;Oui
66065;Elne;T03_20;66065;Elne;;Non
66071;Estagel;T03_20;66071;Estagel;;Non
66088;Ille-sur-Têt;T03_20;66088;Ille-sur-Têt;;Non
66108;Millas;T03_20;66108;Millas;;Non
66124;Font-Romeu-Odeillo-Via;T00_30;66124;Font-Romeu-Odeillo-Via;1.0;Non
66125;Olette;T01_20;66125;Olette;;Non
66130;Osséja;T00_30;66130;Osséja;1.0;Non
66148;Port-Vendres;T00_30;66148;Port-Vendres;1.0;Non
66149;Prades;T01_10;66149;Prades;2.0;Oui
66164;Rivesaltes;T03_20;66164;Rivesaltes;;Non
66167;Saillagouse;T00_30;66167;Saillagouse;1.0;Non
66180;Saint-Laurent-de-la-Salanque;T03_20;66180;Saint-Laurent-de-la-Salanque;;Non
66187;Saint-Paul-de-Fenouillet;T03_20;66187;Saint-Paul-de-Fenouillet;;Non
66210;Thuir;T03_20;66210;Thuir;;Non
66222;Vernet-les-Bains;T01_20;66222;Vernet-les-Bains;;Non
66230;Vinça;T03_20;66230;Vinça;;Non
67020;Barembach;T00_30;67020;Barembach;1.0;Non
67021;Barr;T45_20;67021;Barr;4.0;Oui
67061;Bouxwiller;T01_10;67061;Bouxwiller;2.0;Oui
67066;La Broque;T00_30;67066;La Broque;1.0;Non
67095;Diemeringen;T00_30;67095;Diemeringen;1.0;Non
67101;Dorlisheim;T45_20;67101;Dorlisheim;4.0;Oui
67105;Drulingen;T00_30;67105;Drulingen;1.0;Non
67176;Gundershoffen;T02_20;67176;Gundershoffen;3.0;Oui
67222;Ingwiller;T45_20;67222;Ingwiller;4.0;Oui
67281;Marckolsheim;T01_10;67281;Marckolsheim;2.0;Oui
67282;Marlenheim;T45_20;67282;Marlenheim;4.0;Oui
67291;Mertzwiller;T02_20;67291;Mertzwiller;3.0;Oui
67300;Molsheim;T45_20;67300;Molsheim;4.0;Oui
67313;Mutzig;T45_20;67313;Mutzig;4.0;Oui
67324;Niederbronn-les-Bains;T01_10;67324;Niederbronn-les-Bains;2.0;Oui
67388;Reichshoffen;T01_10;67388;Reichshoffen;2.0;Oui
67414;Rothau;T00_30;67414;Rothau;1.0;Non
67434;Sarre-Union;T01_10;67434;Sarre-Union;2.0;Oui
67448;Schirmeck;T45_20;67448;Schirmeck;4.0;Oui
67507;Villé;T02_20;67507;Villé;3.0;Oui
67520;Wasselonne;T45_20;67520;Wasselonne;4.0;Oui
67544;Wissembourg;T01_10;67544;Wissembourg;2.0;Oui
68004;Altkirch;T03_20;68004;Altkirch;;Non
68068;Dannemarie;T03_20;68068;Dannemarie;;Non
68162;Kaysersberg Vignoble;T02_20;68162;Kaysersberg Vignoble;3.0;Oui
68201;Masevaux-Niederbruck;T03_20;68201;Masevaux-Niederbruck;;Non
68226;Munster;T02_20;68226;Munster;3.0;Oui
68231;Neuf-Brisach;T02_20;68231;Neuf-Brisach;3.0;Oui
68249;Orbey;T02_20;68249;Orbey;3.0;Oui
68287;Rouffach;T01_10;68287;Rouffach;2.0;Oui
68298;Sainte-Marie-aux-Mines;T01_10;68298;Sainte-Marie-aux-Mines;2.0;Oui
68334;Thann;T03_20;68334;Thann;;Non
69006;Amplepuis;T01_10;69006;Amplepuis;2.0;Oui
69010;L'Arbresle;T45_20;69010;L'Arbresle;4.0;Oui
69018;Beaujeu;T00_30;69018;Beaujeu;1.0;Non
69019;Belleville-en-Beaujolais;T01_10;69019;Belleville-en-Beaujolais;2.0;Oui
69066;Cours;T01_10;69066;Cours;2.0;Oui
69141;Mornant;T45_20;69141;Mornant;4.0;Oui
69171;Sain-Bel;T45_20;69171;Sain-Bel;4.0;Oui
69176;Soucieu-en-Jarrest;T45_20;69176;Soucieu-en-Jarrest;4.0;Oui
69201;Sainte-Foy-l'Argentière;T45_20;69201;Sainte-Foy-l'Argentière;4.0;Oui
69238;Saint-Symphorien-sur-Coise;T45_20;69238;Saint-Symphorien-sur-Coise;4.0;Oui
69248;Thizy-les-Bourgs;T01_10;69248;Thizy-les-Bourgs;2.0;Oui
69287;Saint-Bonnet-de-Mure;T45_20;69287;Saint-Bonnet-de-Mure;4.0;Oui
69288;Saint-Laurent-de-Mure;T45_20;69288;Saint-Laurent-de-Mure;4.0;Oui
69289;Saint-Pierre-de-Chandieu;T45_20;69289;Saint-Pierre-de-Chandieu;4.0;Oui
70026;Arc-lès-Gray;T01_10;70026;Arc-lès-Gray;2.0;Oui
70120;Champagney;T02_20;70120;Champagney;3.0;Oui
70122;Champlitte;T01_20;70122;Champlitte;;Non
70198;Dampierre-sur-Salon;T01_20;70198;Dampierre-sur-Salon;;Non
70228;Faverney;T02_20;70228;Faverney;3.0;Oui
70279;Gray;T01_10;70279;Gray;2.0;Oui
70285;Héricourt;T02_20;70285;Héricourt;3.0;Oui
70292;Jussey;T00_30;70292;Jussey;1.0;Non
70310;Lure;T01_10;70310;Lure;2.0;Oui
70311;Luxeuil-les-Bains;T01_10;70311;Luxeuil-les-Bains;2.0;Oui
70421;Port-sur-Saône;T02_20;70421;Port-sur-Saône;3.0;Oui
70451;Ronchamp;T02_20;70451;Ronchamp;3.0;Oui
70467;Saint-Loup-sur-Semouse;T01_10;70467;Saint-Loup-sur-Semouse;2.0;Oui
70482;Scey-sur-Saône-et-Saint-Albin;T02_20;70482;Scey-sur-Saône-et-Saint-Albin;3.0;Oui
71047;Bourbon-Lancy;T01_10;71047;Bourbon-Lancy;2.0;Oui
71073;Chagny;T02_20;71073;Chagny;3.0;Oui
71106;Charolles;T01_10;71106;Charolles;2.0;Oui
71120;Chauffailles;T01_10;71120;Chauffailles;2.0;Oui
71133;La Clayette;T00_30;71133;La Clayette;1.0;Non
71137;Cluny;T02_20;71137;Cluny;3.0;Oui
71157;Cuiseaux;T00_30;71157;Cuiseaux;1.0;Non
71158;Cuisery;T00_30;71158;Cuisery;1.0;Non
71176;Digoin;T01_10;71176;Digoin;2.0;Oui
71178;Dompierre-les-Ormes;T02_20;71178;Dompierre-les-Ormes;3.0;Oui
71190;Épinac;T01_20;71190;Épinac;;Non
71192;Étang-sur-Arroux;T01_20;71192;Étang-sur-Arroux;;Non
71230;Gueugnon;T01_10;71230;Gueugnon;2.0;Oui
71263;Louhans;T01_10;71263;Louhans;2.0;Oui
71289;Matour;T00_30;71289;Matour;1.0;Non
71310;Montchanin;T01_20;71310;Montchanin;;Non
71342;Paray-le-Monial;T01_10;71342;Paray-le-Monial;2.0;Oui
71350;Pierreclos;T02_20;71350;Pierreclos;3.0;Oui
71351;Pierre-de-Bresse;T00_30;71351;Pierre-de-Bresse;1.0;Non
71394;Saint-Bonnet-de-Joux;T00_30;71394;Saint-Bonnet-de-Joux;1.0;Non
71512;Sennecey-le-Grand;T02_20;71512;Sennecey-le-Grand;3.0;Oui
71543;Tournus;T01_10;71543;Tournus;2.0;Oui
71545;Tramayes;T02_20;71545;Tramayes;3.0;Oui
71566;Verdun-sur-le-Doubs;T02_20;71566;Verdun-sur-le-Doubs;3.0;Oui
72023;Ballon-Saint Mars;T03_20;72023;Ballon-Saint Mars;;Non
72029;Beaumont-sur-Sarthe;T03_20;72029;Beaumont-sur-Sarthe;;Non
72035;Bessé-sur-Braye;T00_30;72035;Bessé-sur-Braye;1.0;Non
72039;Bonnétable;T00_30;72039;Bonnétable;1.0;Non
72042;Bouloire;T03_20;72042;Bouloire;;Non
72050;Brûlon;T00_30;72050;Brûlon;1.0;Non
72068;La Chartre-sur-le-Loir;T00_30;72068;La Chartre-sur-le-Loir;1.0;Non
72071;Montval-sur-Loir;T01_10;72071;Montval-sur-Loir;2.0;Oui
72090;Connerré;T03_20;72090;Connerré;;Non
72124;Écommoy;T03_20;72124;Écommoy;;Non
72132;La Ferté-Bernard;T01_10;72132;La Ferté-Bernard;2.0;Oui
72138;Fresnay-sur-Sarthe;T02_20;72138;Fresnay-sur-Sarthe;3.0;Oui
72143;Le Grand-Lucé;T03_20;72143;Le Grand-Lucé;;Non
72168;Loué;T00_30;72168;Loué;1.0;Non
72176;Le Lude;T01_10;72176;Le Lude;2.0;Oui
72179;Malicorne-sur-Sarthe;T01_20;72179;Malicorne-sur-Sarthe;;Non
72180;Mamers;T01_10;72180;Mamers;2.0;Oui
72189;Marolles-les-Braults;T00_30;72189;Marolles-les-Braults;1.0;Non
72191;Mayet;T03_20;72191;Mayet;;Non
72205;Montbizot;T03_20;72205;Montbizot;;Non
72223;Noyen-sur-Sarthe;T01_20;72223;Noyen-sur-Sarthe;;Non
72231;Parigné-l'Évêque;T03_20;72231;Parigné-l'Évêque;;Non
72241;Montfort-le-Gesnois;T03_20;72241;Montfort-le-Gesnois;;Non
72269;Saint-Calais;T01_10;72269;Saint-Calais;2.0;Oui
72276;Saint-Cosme-en-Vairais;T00_30;72276;Saint-Cosme-en-Vairais;1.0;Non
72289;Sainte-Jamme-sur-Sarthe;T03_20;72289;Sainte-Jamme-sur-Sarthe;;Non
72329;Savigné-l'Évêque;T03_20;72329;Savigné-l'Évêque;;Non
72334;Sillé-le-Guillaume;T01_10;72334;Sillé-le-Guillaume;2.0;Oui
72363;Tuffé Val de la Chéronne;T01_20;72363;Tuffé Val de la Chéronne;;Non
72373;Vibraye;T01_20;72373;Vibraye;;Non
73010;Entrelacs;T03_20;73010;Entrelacs;;Non
73011;Albertville;T02_10;73011;Albertville;;Non
73054;Bourg-Saint-Maurice;T01_10;73054;Bourg-Saint-Maurice;2.0;Oui
73105;Les Échelles;T03_20;73105;Les Échelles;;Non
73117;Fourneaux;T01_10;73117;Fourneaux;2.0;Oui
73157;Modane;T01_10;73157;Modane;2.0;Oui
73171;Montmélian;T03_20;73171;Montmélian;;Non
73181;Moûtiers;T01_10;73181;Moûtiers;2.0;Oui
73204;Le Pont-de-Beauvoisin;T01_10;73204;Le Pont-de-Beauvoisin;2.0;Oui
73215;Valgelon-La Rochette;T01_10;73215;Valgelon-La Rochette;2.0;Oui
73236;Saint-Genix-les-Villages;T03_20;73236;Saint-Genix-les-Villages;;Non
73248;Saint-Jean-de-Maurienne;T01_10;73248;Saint-Jean-de-Maurienne;2.0;Oui
73270;Saint-Pierre-d'Albigny;T03_20;73270;Saint-Pierre-d'Albigny;;Non
73303;Ugine;T02_20;73303;Ugine;3.0;Oui
74002;Alby-sur-Chéran;T03_20;74002;Alby-sur-Chéran;;Non
74026;La Balme-de-Sillingy;T03_20;74026;La Balme-de-Sillingy;;Non
74042;Bonneville;T45_20;74042;Bonneville;4.0;Oui
74043;Bons-en-Chablais;T45_20;74043;Bons-en-Chablais;4.0;Oui
74056;Chamonix-Mont-Blanc;T01_10;74056;Chamonix-Mont-Blanc;2.0;Oui
74081;Cluses;T02_10;74081;Cluses;;Non
74096;Cruseilles;T45_20;74096;Cruseilles;4.0;Oui
74119;Évian-les-Bains;T03_20;74119;Évian-les-Bains;;Non
74123;Faverges-Seythenex;T03_20;74123;Faverges-Seythenex;;Non
74137;Groisy;T03_20;74137;Groisy;;Non
74164;Marignier;T02_20;74164;Marignier;3.0;Oui
74169;Marnaz;T02_20;74169;Marnaz;3.0;Oui
74224;La Roche-sur-Foron;T45_20;74224;La Roche-sur-Foron;4.0;Oui
74241;Saint-Jeoire;T45_20;74241;Saint-Jeoire;4.0;Oui
74256;Sallanches;T01_10;74256;Sallanches;2.0;Oui
74264;Scionzier;T02_10;74264;Scionzier;;Non
74276;Taninges;T02_20;74276;Taninges;3.0;Oui
74280;Thônes;T03_20;74280;Thônes;;Non
74282;Fillière;T03_20;74282;Fillière;;Non
74311;Viuz-en-Sallaz;T45_20;74311;Viuz-en-Sallaz;4.0;Oui
76034;Val-de-Scie;T03_20;76034;Val-de-Scie;;Non
76035;Aumale;T00_30;76035;Aumale;1.0;Non
76051;Bacqueville-en-Caux;T02_20;76051;Bacqueville-en-Caux;3.0;Oui
76057;Barentin;T03_20;76057;Barentin;;Non
76114;Bolbec;T03_20;76114;Bolbec;;Non
76159;Cany-Barville;T01_10;76159;Cany-Barville;2.0;Oui
76164;Rives-en-Seine;T00_30;76164;Rives-en-Seine;1.0;Non
76196;Criquetot-l'Esneval;T03_20;76196;Criquetot-l'Esneval;;Non
76219;Doudeville;T00_30;76219;Doudeville;1.0;Non
76222;Duclair;T03_20;76222;Duclair;;Non
76254;Étretat;T03_20;76254;Étretat;;Non
76255;Eu;T01_10;76255;Eu;2.0;Oui
76258;Terres-de-Caux;T00_30;76258;Terres-de-Caux;1.0;Non
76276;Forges-les-Eaux;T01_10;76276;Forges-les-Eaux;2.0;Oui
76302;Goderville;T03_20;76302;Goderville;;Non
76312;Gournay-en-Bray;T01_10;76312;Gournay-en-Bray;2.0;Oui
76329;Gruchet-le-Valasse;T03_20;76329;Gruchet-le-Valasse;;Non
76392;Londinières;T00_30;76392;Londinières;1.0;Non
76400;Luneray;T01_10;76400;Luneray;2.0;Oui
76462;Neufchâtel-en-Bray;T01_10;76462;Neufchâtel-en-Bray;2.0;Oui
76495;Pavilly;T03_20;76495;Pavilly;;Non
76647;Saint-Romain-de-Colbosc;T03_20;76647;Saint-Romain-de-Colbosc;;Non
76648;Saint-Saëns;T03_20;76648;Saint-Saëns;;Non
76655;Saint-Valery-en-Caux;T01_10;76655;Saint-Valery-en-Caux;2.0;Oui
76700;Tôtes;T03_20;76700;Tôtes;;Non
76709;Le Trait;T03_20;76709;Le Trait;;Non
76711;Le Tréport;T01_10;76711;Le Tréport;2.0;Oui
76752;Yerville;T03_20;76752;Yerville;;Non
76758;Yvetot;T01_10;76758;Yvetot;2.0;Oui
77051;Bray-sur-Seine;T45_20;77051;Bray-sur-Seine;4.0;Oui
77053;Brie-Comte-Robert;T45_20;77053;Brie-Comte-Robert;4.0;Oui
77079;Champagne-sur-Seine;T45_20;77079;Champagne-sur-Seine;4.0;Oui
77100;Le Châtelet-en-Brie;T45_20;77100;Le Châtelet-en-Brie;4.0;Oui
77142;Crécy-la-Chapelle;T45_20;77142;Crécy-la-Chapelle;4.0;Oui
77159;Donnemarie-Dontilly;T45_20;77159;Donnemarie-Dontilly;4.0;Oui
77182;La Ferté-Gaucher;T45_20;77182;La Ferté-Gaucher;4.0;Oui
77183;La Ferté-sous-Jouarre;T45_20;77183;La Ferté-sous-Jouarre;4.0;Oui
77296;Moissy-Cramayel;T45_20;77296;Moissy-Cramayel;4.0;Oui
77316;Moret-Loing-et-Orvanne;T45_20;77316;Moret-Loing-et-Orvanne;4.0;Oui
77327;Nangis;T45_20;77327;Nangis;4.0;Oui
77379;Provins;T45_20;77379;Provins;4.0;Oui
77385;Rebais;T45_20;77385;Rebais;4.0;Oui
77458;Souppes-sur-Loing;T45_20;77458;Souppes-sur-Loing;4.0;Oui
77475;Trilport;T45_20;77475;Trilport;4.0;Oui
78003;Ablis;T45_20;78003;Ablis;4.0;Oui
78062;Beynes;T45_20;78062;Beynes;4.0;Oui
78089;Bonnières-sur-Seine;T45_20;78089;Bonnières-sur-Seine;4.0;Oui
78217;Épône;T45_20;78217;Épône;4.0;Oui
78255;Freneuse;T45_20;78255;Freneuse;4.0;Oui
78310;Houdan;T45_20;78310;Houdan;4.0;Oui
78321;Jouars-Pontchartrain;T45_20;78321;Jouars-Pontchartrain;4.0;Oui
78380;Maule;T45_20;78380;Maule;4.0;Oui
78402;Mézières-sur-Seine;T45_20;78402;Mézières-sur-Seine;4.0;Oui
78531;Rosny-sur-Seine;T45_20;78531;Rosny-sur-Seine;4.0;Oui
78537;Saint-Arnoult-en-Yvelines;T45_20;78537;Saint-Arnoult-en-Yvelines;4.0;Oui
79005;Airvault;T00_30;79005;Airvault;1.0;Non
79013;Argentonnay;T01_20;79013;Argentonnay;;Non
79057;Brioux-sur-Boutonne;T00_30;79057;Brioux-sur-Boutonne;1.0;Non
79062;Cerizay;T01_10;79062;Cerizay;2.0;Oui
79079;Mauléon;T02_20;79079;Mauléon;3.0;Oui
79083;Chef-Boutonne;T00_30;79083;Chef-Boutonne;1.0;Non
79101;Coulonges-sur-l'Autize;T02_20;79101;Coulonges-sur-l'Autize;3.0;Oui
79148;Lezay;T00_30;79148;Lezay;1.0;Non
79170;Mauzé-sur-le-Mignon;T02_20;79170;Mauzé-sur-le-Mignon;3.0;Oui
79174;Melle;T01_10;79174;Melle;2.0;Oui
79179;Moncoutant-sur-Sèvre;T00_30;79179;Moncoutant-sur-Sèvre;1.0;Non
79195;Nueil-les-Aubiers;T01_10;79195;Nueil-les-Aubiers;2.0;Oui
79202;Parthenay;T01_10;79202;Parthenay;2.0;Oui
79270;Saint-Maixent-l'École;T01_10;79270;Saint-Maixent-l'École;2.0;Oui
79299;Saint-Varent;T01_20;79299;Saint-Varent;;Non
79307;Sauzé-Vaussais;T00_30;79307;Sauzé-Vaussais;1.0;Non
79311;Secondigny;T00_30;79311;Secondigny;1.0;Non
79329;Thouars;T01_10;79329;Thouars;2.0;Oui
80010;Ailly-sur-Noye;T03_20;80010;Ailly-sur-Noye;;Non
80013;Airaines;T03_20;80013;Airaines;;Non
80182;Cayeux-sur-Mer;T00_30;80182;Cayeux-sur-Mer;1.0;Non
80186;Chaulnes;T01_10;80186;Chaulnes;2.0;Oui
80211;Conty;T03_20;80211;Conty;;Non
80212;Corbie;T03_20;80212;Corbie;;Non
80222;Crécy-en-Ponthieu;T02_20;80222;Crécy-en-Ponthieu;3.0;Oui
80253;Doullens;T03_20;80253;Doullens;;Non
80318;Flixecourt;T03_20;80318;Flixecourt;;Non
80368;Friville-Escarbotin;T01_10;80368;Friville-Escarbotin;2.0;Oui
80410;Ham;T01_10;80410;Ham;2.0;Oui
80570;Moreuil;T03_20;80570;Moreuil;;Non
80585;Nesle;T00_30;80585;Nesle;1.0;Non
80606;Oisemont;T00_30;80606;Oisemont;1.0;Non
80620;Péronne;T01_10;80620;Péronne;2.0;Oui
80630;Poix-de-Picardie;T03_20;80630;Poix-de-Picardie;;Non
80680;Rosières-en-Santerre;T00_30;80680;Rosières-en-Santerre;1.0;Non
80685;Roye;T01_10;80685;Roye;2.0;Oui
80688;Rue;T00_30;80688;Rue;1.0;Non
80721;Saint-Valery-sur-Somme;T00_30;80721;Saint-Valery-sur-Somme;1.0;Non
81003;Alban;T00_30;81003;Alban;1.0;Non
81033;Blaye-les-Mines;T02_20;81033;Blaye-les-Mines;3.0;Oui
81037;Brassac;T00_30;81037;Brassac;1.0;Non
81060;Carmaux;T02_20;81060;Carmaux;3.0;Oui
81069;Cordes-sur-Ciel;T00_30;81069;Cordes-sur-Ciel;1.0;Non
81099;Gaillac;T01_10;81099;Gaillac;2.0;Oui
81105;Graulhet;T01_10;81105;Graulhet;2.0;Oui
81124;Lacaune;T01_10;81124;Lacaune;2.0;Oui
81140;Lavaur;T45_20;81140;Lavaur;4.0;Oui
81145;Lisle-sur-Tarn;T45_20;81145;Lisle-sur-Tarn;4.0;Oui
81192;Murat-sur-Vèbre;T01_20;81192;Murat-sur-Vèbre;;Non
81219;Puylaurens;T00_30;81219;Puylaurens;1.0;Non
81220;Rabastens;T45_20;81220;Rabastens;4.0;Oui
81222;Réalmont;T02_20;81222;Réalmont;3.0;Oui
81271;Saint-Sulpice-la-Pointe;T45_20;81271;Saint-Sulpice-la-Pointe;4.0;Oui
82013;Beaumont-de-Lomagne;T01_10;82013;Beaumont-de-Lomagne;2.0;Oui
82022;Bourg-de-Visa;T00_30;82022;Bourg-de-Visa;1.0;Non
82037;Caussade;T02_20;82037;Caussade;3.0;Oui
82038;Caylus;T00_30;82038;Caylus;1.0;Non
82042;Cazes-Mondenard;T00_30;82042;Cazes-Mondenard;1.0;Non
82087;Lafrançaise;T02_20;82087;Lafrançaise;3.0;Oui
82094;Lauzerte;T00_30;82094;Lauzerte;1.0;Non
82097;Lavit;T00_30;82097;Lavit;1.0;Non
82112;Moissac;T01_10;82112;Moissac;2.0;Oui
82115;Monclar-de-Quercy;T02_20;82115;Monclar-de-Quercy;3.0;Oui
82117;Montaigu-de-Quercy;T00_30;82117;Montaigu-de-Quercy;1.0;Non
82134;Nègrepelisse;T02_20;82134;Nègrepelisse;3.0;Oui
82151;Roquecor;T00_30;82151;Roquecor;1.0;Non
82155;Saint-Antonin-Noble-Val;T00_30;82155;Saint-Antonin-Noble-Val;1.0;Non
82186;Valence;T01_10;82186;Valence;2.0;Oui
83004;Les Arcs;T02_20;83004;Les Arcs;3.0;Oui
83007;Aups;T00_30;83007;Aups;1.0;Non
83012;Barjols;T00_30;83012;Barjols;1.0;Non
83016;Le Beausset;T03_20;83016;Le Beausset;;Non
83031;Le Cannet-des-Maures;T01_10;83031;Le Cannet-des-Maures;2.0;Oui
83042;Cogolin;T01_10;83042;Cogolin;2.0;Oui
83071;La Londe-les-Maures;T01_10;83071;La Londe-les-Maures;2.0;Oui
83072;Lorgues;T02_20;83072;Lorgues;3.0;Oui
83073;Le Luc;T01_10;83073;Le Luc;2.0;Oui
83086;Le Muy;T02_20;83086;Le Muy;3.0;Oui
83107;Roquebrune-sur-Argens;T02_20;83107;Roquebrune-sur-Argens;3.0;Oui
83116;Saint-Maximin-la-Sainte-Baume;T45_20;83116;Saint-Maximin-la-Sainte-Baume;4.0;Oui
83121;Salernes;T00_30;83121;Salernes;1.0;Non
84003;Apt;T01_10;84003;Apt;2.0;Oui
84004;Aubignan;T02_20;84004;Aubignan;3.0;Oui
84019;Bollène;T01_10;84019;Bollène;2.0;Oui
84026;Cadenet;T45_20;84026;Cadenet;4.0;Oui
84054;L'Isle-sur-la-Sorgue;T01_10;84054;L'Isle-sur-la-Sorgue;2.0;Oui
84069;Malaucène;T01_20;84069;Malaucène;;Non
84072;Mazan;T02_20;84072;Mazan;3.0;Oui
84076;Mirabeau;T45_20;84076;Mirabeau;4.0;Oui
84080;Monteux;T03_20;84080;Monteux;;Non
84088;Pernes-les-Fontaines;T03_20;84088;Pernes-les-Fontaines;;Non
84123;Sault;T00_30;84123;Sault;1.0;Non
84129;Sorgues;T03_20;84129;Sorgues;;Non
84133;La Tour-d'Aigues;T45_20;84133;La Tour-d'Aigues;4.0;Oui
84137;Vaison-la-Romaine;T01_10;84137;Vaison-la-Romaine;2.0;Oui
84138;Valréas;T01_10;84138;Valréas;2.0;Oui
85003;Aizenay;T02_20;85003;Aizenay;3.0;Oui
85018;Beauvoir-sur-Mer;T00_30;85018;Beauvoir-sur-Mer;1.0;Non
85020;Benet;T02_20;85020;Benet;3.0;Oui
85047;Challans;T01_10;85047;Challans;2.0;Oui
85051;Chantonnay;T01_10;85051;Chantonnay;2.0;Oui
85059;La Châtaigneraie;T01_10;85059;La Châtaigneraie;2.0;Oui
85065;Chavagnes-en-Paillers;T01_20;85065;Chavagnes-en-Paillers;;Non
85070;Coëx;T01_20;85070;Coëx;;Non
85109;Les Herbiers;T02_10;85109;Les Herbiers;;Non
85113;L'Île-d'Yeu;T01_10;85113;L'Île-d'Yeu;2.0;Oui
85128;Luçon;T01_10;85128;Luçon;2.0;Oui
85135;Mareuil-sur-Lay-Dissais;T02_20;85135;Mareuil-sur-Lay-Dissais;3.0;Oui
85151;Mortagne-sur-Sèvre;T02_20;85151;Mortagne-sur-Sèvre;3.0;Oui
85152;Les Achards;T02_20;85152;Les Achards;3.0;Oui
85154;Mouilleron-Saint-Germain;T00_30;85154;Mouilleron-Saint-Germain;1.0;Non
85156;Moutiers-les-Mauxfaits;T02_20;85156;Moutiers-les-Mauxfaits;3.0;Oui
85182;Pouzauges;T01_10;85182;Pouzauges;2.0;Oui
85215;Saint-Fulgent;T01_10;85215;Saint-Fulgent;2.0;Oui
85222;Saint-Gilles-Croix-de-Vie;T01_10;85222;Saint-Gilles-Croix-de-Vie;2.0;Oui
85226;Saint-Hilaire-de-Riez;T01_10;85226;Saint-Hilaire-de-Riez;2.0;Oui
85288;Talmont-Saint-Hilaire;T02_20;85288;Talmont-Saint-Hilaire;3.0;Oui
86070;Chauvigny;T03_20;86070;Chauvigny;;Non
86078;Civray;T00_30;86078;Civray;1.0;Non
86082;Valence-en-Poitou;T03_20;86082;Valence-en-Poitou;;Non
86092;Dangé-Saint-Romain;T02_20;86092;Dangé-Saint-Romain;3.0;Oui
86103;Gençay;T03_20;86103;Gençay;;Non
86112;L'Isle-Jourdain;T00_30;86112;L'Isle-Jourdain;1.0;Non
86128;Lencloître;T02_20;86128;Lencloître;3.0;Oui
86137;Loudun;T01_10;86137;Loudun;2.0;Oui
86139;Lusignan;T03_20;86139;Lusignan;;Non
86140;Lussac-les-Châteaux;T00_30;86140;Lussac-les-Châteaux;1.0;Non
86160;Mirebeau;T00_30;86160;Mirebeau;1.0;Non
86165;Montmorillon;T01_10;86165;Montmorillon;2.0;Oui
86193;Pleumartin;T02_20;86193;Pleumartin;3.0;Oui
86207;La Roche-Posay;T02_20;86207;La Roche-Posay;3.0;Oui
87011;Bellac;T01_10;87011;Bellac;2.0;Oui
87032;Châlus;T03_20;87032;Châlus;;Non
87040;Châteauneuf-la-Forêt;T03_20;87040;Châteauneuf-la-Forêt;;Non
87041;Châteauponsac;T03_20;87041;Châteauponsac;;Non
87059;Le Dorat;T00_30;87059;Le Dorat;1.0;Non
87064;Eymoutiers;T00_30;87064;Eymoutiers;1.0;Non
87106;Nexon;T03_20;87106;Nexon;;Non
87126;Rochechouart;T00_30;87126;Rochechouart;1.0;Non
87154;Saint-Junien;T03_20;87154;Saint-Junien;;Non
87161;Saint-Léonard-de-Noblat;T03_20;87161;Saint-Léonard-de-Noblat;;Non
87187;Saint-Yrieix-la-Perche;T01_10;87187;Saint-Yrieix-la-Perche;2.0;Oui
88029;La Vôge-les-Bains;T00_30;88029;La Vôge-les-Bains;1.0;Non
88078;Bruyères;T01_10;88078;Bruyères;2.0;Oui
88090;Charmes;T01_10;88090;Charmes;2.0;Oui
88095;Châtenois;T01_20;88095;Châtenois;;Non
88114;Contrexéville;T01_10;88114;Contrexéville;2.0;Oui
88124;Darney;T00_30;88124;Darney;1.0;Non
88181;Fraize;T02_20;88181;Fraize;3.0;Oui
88258;Lamarche;T01_20;88258;Lamarche;;Non
88304;Mirecourt;T01_10;88304;Mirecourt;2.0;Oui
88310;Monthureux-sur-Saône;T00_30;88310;Monthureux-sur-Saône;1.0;Non
88321;Neufchâteau;T01_10;88321;Neufchâteau;2.0;Oui
88349;Plainfaing;T00_30;88349;Plainfaing;1.0;Non
88351;Plombières-les-Bains;T00_30;88351;Plombières-les-Bains;1.0;Non
88367;Rambervillers;T01_10;88367;Rambervillers;2.0;Oui
88372;Raon-l'Étape;T02_20;88372;Raon-l'Étape;3.0;Oui
88383;Remiremont;T01_10;88383;Remiremont;2.0;Oui
88487;Le Val-d'Ajol;T00_30;88487;Le Val-d'Ajol;1.0;Non
88516;Vittel;T01_10;88516;Vittel;2.0;Oui
88530;Xertigny;T02_20;88530;Xertigny;3.0;Oui
89025;Avallon;T01_10;89025;Avallon;2.0;Oui
89046;Bléneau;T00_30;89046;Bléneau;1.0;Non
89073;Champignelles;T00_30;89073;Champignelles;1.0;Non
89086;Charny Orée de Puisaye;T00_30;89086;Charny Orée de Puisaye;1.0;Non
89125;Courson-les-Carrières;T02_20;89125;Courson-les-Carrières;3.0;Oui
89206;Joigny;T01_10;89206;Joigny;2.0;Oui
89257;Migennes;T01_10;89257;Migennes;2.0;Oui
89344;Saint-Fargeau;T00_30;89344;Saint-Fargeau;1.0;Non
89345;Saint-Florentin;T01_10;89345;Saint-Florentin;2.0;Oui
89368;Saint-Sauveur-en-Puisaye;T00_30;89368;Saint-Sauveur-en-Puisaye;1.0;Non
89418;Tonnerre;T01_10;89418;Tonnerre;2.0;Oui
89419;Toucy;T02_20;89419;Toucy;3.0;Oui
89461;Villeneuve-l'Archevêque;T02_20;89461;Villeneuve-l'Archevêque;3.0;Oui
90009;Beaucourt;T02_20;90009;Beaucourt;3.0;Oui
90033;Delle;T01_10;90033;Delle;2.0;Oui
90052;Giromagny;T02_20;90052;Giromagny;3.0;Oui
90053;Grandvillars;T01_10;90053;Grandvillars;2.0;Oui
91016;Angerville;T45_20;91016;Angerville;4.0;Oui
91045;Ballancourt-sur-Essonne;T45_20;91045;Ballancourt-sur-Essonne;4.0;Oui
91105;Breuillet;T45_20;91105;Breuillet;4.0;Oui
91111;Briis-sous-Forges;T45_20;91111;Briis-sous-Forges;4.0;Oui
91200;Dourdan;T45_20;91200;Dourdan;4.0;Oui
91232;La Ferté-Alais;T45_20;91232;La Ferté-Alais;4.0;Oui
91338;Limours;T45_20;91338;Limours;4.0;Oui
91359;Maisse;T45_20;91359;Maisse;4.0;Oui
91405;Milly-la-Forêt;T45_20;91405;Milly-la-Forêt;4.0;Oui
95250;Fosses;T45_20;95250;Fosses;4.0;Oui
95351;Louvres;T45_20;95351;Louvres;4.0;Oui
95355;Magny-en-Vexin;T45_20;95355;Magny-en-Vexin;4.0;Oui
95370;Marines;T45_20;95370;Marines;4.0;Oui
95652;Viarmes;T45_20;95652;Viarmes;4.0;Oui
97106;Bouillante;T01_10;97106;Bouillante;2.0;Oui
97115;Lamentin;T03_20;97115;Lamentin;;Non
97116;Morne-à-l'Eau;T03_20;97116;Morne-à-l'Eau;;Non
97117;Le Moule;T03_20;97117;Le Moule;;Non
97128;Sainte-Anne;T03_20;97128;Sainte-Anne;;Non
97130;Terre-de-Bas;T00_30;97130;Terre-de-Bas;1.0;Non
97131;Terre-de-Haut;T00_30;97131;Terre-de-Haut;1.0;Non
97202;Les Anses-d'Arlet;T03_20;97202;Les Anses-d'Arlet;;Non
97204;Le Carbet;T03_20;97204;Le Carbet;;Non
97220;Rivière-Pilote;T03_20;97220;Rivière-Pilote;;Non
97223;Saint-Esprit;T03_20;97223;Saint-Esprit;;Non
97225;Saint-Pierre;T03_20;97225;Saint-Pierre;;Non
97227;Sainte-Luce;T03_20;97227;Sainte-Luce;;Non
97228;Sainte-Marie;T03_20;97228;Sainte-Marie;;Non
97230;La Trinité;T03_20;97230;La Trinité;;Non
97231;Les Trois-Îlets;T03_20;97231;Les Trois-Îlets;;Non
97232;Le Vauclin;T03_20;97232;Le Vauclin;;Non
97308;Saint-Georges;T00_30;97308;Saint-Georges;1.0;Non
97353;Maripasoula;T00_30;97353;Maripasoula;1.0;Non
97357;Grand-Santi;T00_30;97357;Grand-Santi;1.0;Non
97362;Papaichton;T00_30;97362;Papaichton;1.0;Non
97401;Les Avirons;T02_10;97401;Les Avirons;;Non
97402;Bras-Panon;T03_20;97402;Bras-Panon;;Non
97403;Entre-Deux;T03_20;97403;Entre-Deux;;Non
97404;L'Étang-Salé;T02_10;97404;L'Étang-Salé;;Non
97405;Petite-Île;T03_20;97405;Petite-Île;;Non
97406;La Plaine-des-Palmistes;T02_10;97406;La Plaine-des-Palmistes;;Non
97417;Saint-Philippe;T00_30;97417;Saint-Philippe;1.0;Non
97419;Sainte-Rose;T02_20;97419;Sainte-Rose;3.0;Oui
97421;Salazie;T01_10;97421;Salazie;2.0;Oui
97423;Les Trois-Bassins;T02_10;97423;Les Trois-Bassins;;Non
97424;Cilaos;T00_30;97424;Cilaos;1.0;Non
97602;Bandraboua;T03_20;97602;Bandraboua;;Non
97603;Bandrele;T03_20;97603;Bandrele;;Non
97614;Ouangani;T03_20;97614;Ouangani;;Non
